"Ticket";"Symbol";"Type";"Open time";"Open price";"Size";"Close time";"Close price";"Profit/Loss";"Balance";"Sample type";"Close type";"MAE ($)";"MFE ($)";"Time in trade";"Comment"
"1";"GBPUSD_DukasM1_the5ers";"Buy";"2003.08.13 12:00:00";"1.60250";"0.23";"2003.08.14 09:57:00";"1.60968";"162.36";"10162.36";"IS";"PT";"-36.11";"165.14";"21h 57m";""
"2";"GBPUSD_DukasM1_the5ers";"Buy";"2003.08.27 17:00:00";"1.57317";"0.17";"2003.08.28 02:35:00";"1.56756";"-97.42";"10064.94";"IS";"SL";"-95.37";"29.58";"9h 35m";""
"3";"GBPUSD_DukasM1_the5ers";"Buy";"2003.09.03 17:00:00";"1.56958";"0.18";"2003.09.04 16:16:00";"1.57865";"161.09";"10226.02";"IS";"PT";"-53.64";"163.26";"23h 16m";""
"4";"GBPUSD_DukasM1_the5ers";"Buy";"2003.09.05 19:00:00";"1.58905";"0.16";"2003.09.08 22:22:00";"1.58306";"-97.02";"10129.01";"IS";"SL";"-95.84";"27.84";"3d 3h 22m";""
"5";"GBPUSD_DukasM1_the5ers";"Buy";"2003.09.09 16:00:00";"1.58871";"0.18";"2003.09.12 15:30:00";"1.59757";"156.46";"10285.46";"IS";"PT";"-40.50";"159.48";"2d 23h 30m";""
"6";"GBPUSD_DukasM1_the5ers";"Buy";"2003.09.12 16:00:00";"1.60057";"0.2";"2003.09.16 13:17:00";"1.59556";"-102.14";"10183.32";"IS";"SL";"-100.20";"138.40";"3d 21h 17m";""
"7";"GBPUSD_DukasM1_the5ers";"Buy";"2003.09.24 12:00:00";"1.65483";"0.18";"2003.09.29 11:07:00";"1.64935";"-101.66";"10081.65";"IS";"SL";"-98.64";"142.74";"4d 23h 7m";""
"8";"GBPUSD_DukasM1_the5ers";"Buy";"2003.09.29 18:00:00";"1.66175";"0.16";"2003.09.30 10:18:00";"1.67204";"163.46";"10245.12";"IS";"PT";"-8.80";"164.64";"16h 18m";""
"9";"GBPUSD_DukasM1_the5ers";"Buy";"2003.10.01 18:00:00";"1.66603";"0.13";"2003.10.03 19:00:00";"1.65847";"-100.16";"10144.96";"IS";"SL";"-98.28";"116.09";"2d 1h 0m";""
"10";"GBPUSD_DukasM1_the5ers";"Buy";"2003.10.10 15:00:00";"1.66869";"0.17";"2003.10.10 21:14:00";"1.66296";"-98.26";"10046.70";"IS";"SL";"-97.41";"55.08";"6h 14m";""
"11";"GBPUSD_DukasM1_the5ers";"Buy";"2003.10.24 01:00:00";"1.69710";"0.18";"2003.10.27 05:27:00";"1.69174";"-97.80";"9948.89";"IS";"SL";"-96.48";"34.56";"3d 4h 27m";""
"12";"GBPUSD_DukasM1_the5ers";"Buy";"2003.10.27 13:00:00";"1.69673";"0.2";"2003.10.27 14:49:00";"1.69193";"-97.00";"9851.89";"IS";"SL";"-96.00";"0.40";"1h 49m";""
"13";"GBPUSD_DukasM1_the5ers";"Buy";"2003.10.28 18:00:00";"1.69393";"0.19";"2003.10.29 05:26:00";"1.70225";"156.68";"10008.58";"IS";"PT";"-20.71";"158.08";"11h 26m";""
"14";"GBPUSD_DukasM1_the5ers";"Buy";"2003.10.31 18:00:00";"1.69639";"0.2";"2003.11.03 17:09:00";"1.69138";"-101.67";"9906.90";"IS";"SL";"-100.20";"23.40";"2d 23h 9m";""
"15";"GBPUSD_DukasM1_the5ers";"Buy";"2003.11.07 18:00:00";"1.66925";"0.15";"2003.11.13 10:27:00";"1.67972";"154.18";"10061.08";"IS";"PT";"-93.75";"157.05";"5d 16h 27m";""
"16";"GBPUSD_DukasM1_the5ers";"Buy";"2003.11.18 18:00:00";"1.69908";"0.17";"2003.11.24 12:00:00";"1.69324";"-102.54";"9958.54";"IS";"SL";"-99.28";"146.88";"5d 18h 0m";""
"17";"GBPUSD_DukasM1_the5ers";"Buy";"2003.11.26 18:00:00";"1.70775";"0.17";"2003.11.28 10:57:00";"1.71713";"157.01";"10115.55";"IS";"PT";"-11.56";"159.46";"1d 16h 57m";""
"18";"GBPUSD_DukasM1_the5ers";"Buy";"2003.12.02 15:00:00";"1.72147";"0.23";"2003.12.02 17:31:00";"1.72851";"160.77";"10276.32";"IS";"PT";"-28.98";"161.92";"2h 31m";""
"19";"GBPUSD_DukasM1_the5ers";"Buy";"2003.12.04 16:00:00";"1.72693";"0.21";"2003.12.04 16:38:00";"1.72235";"-97.23";"10179.09";"IS";"SL";"-96.18";"31.50";"38m 0s";""
"20";"GBPUSD_DukasM1_the5ers";"Buy";"2003.12.16 16:00:00";"1.74960";"0.2";"2003.12.17 16:08:00";"1.75778";"162.13";"10341.22";"IS";"PT";"-26.20";"163.60";"1d 0h 8m";""
"21";"GBPUSD_DukasM1_the5ers";"Buy";"2003.12.24 08:00:00";"1.76542";"0.28";"2003.12.24 15:58:00";"1.77126";"162.12";"10503.34";"IS";"PT";"-68.60";"163.52";"7h 58m";""
"22";"GBPUSD_DukasM1_the5ers";"Buy";"2004.01.08 16:00:00";"1.83118";"0.14";"2004.01.09 15:34:00";"1.84256";"158.29";"10661.63";"IS";"PT";"-51.24";"159.32";"23h 34m";""
"23";"GBPUSD_DukasM1_the5ers";"Buy";"2004.01.30 16:00:00";"1.82005";"0.12";"2004.01.30 17:15:00";"1.81172";"-100.56";"10561.07";"IS";"SL";"-99.96";"13.92";"1h 15m";""
"24";"GBPUSD_DukasM1_the5ers";"Buy";"2004.02.06 16:00:00";"1.84810";"0.14";"2004.02.09 00:06:00";"1.84129";"-96.37";"10464.70";"IS";"SL";"-103.32";"21.14";"2d 8h 6m";""
"25";"GBPUSD_DukasM1_the5ers";"Buy";"2004.02.11 19:00:00";"1.88484";"0.13";"2004.02.13 15:37:00";"1.89701";"156.33";"10621.03";"IS";"PT";"-55.38";"158.21";"1d 20h 37m";""
"26";"GBPUSD_DukasM1_the5ers";"Buy";"2004.02.17 10:00:00";"1.89550";"0.19";"2004.02.17 13:02:00";"1.90417";"163.78";"10784.81";"IS";"PT";"-14.25";"164.73";"3h 2m";""
"27";"GBPUSD_DukasM1_the5ers";"Buy";"2004.03.05 16:00:00";"1.84033";"0.12";"2004.03.08 12:20:00";"1.85372";"159.80";"10944.60";"IS";"PT";"-3.48";"160.68";"2d 20h 20m";""
"28";"GBPUSD_DukasM1_the5ers";"Buy";"2004.03.12 22:00:00";"1.80332";"0.1";"2004.03.18 02:27:00";"1.81970";"161.88";"11106.49";"IS";"PT";"-93.50";"163.80";"5d 4h 27m";""
"29";"GBPUSD_DukasM1_the5ers";"Buy";"2004.04.12 12:00:00";"1.83386";"0.22";"2004.04.13 04:22:00";"1.84112";"158.10";"11264.59";"IS";"PT";"-59.18";"159.72";"16h 22m";""
"30";"GBPUSD_DukasM1_the5ers";"Buy";"2004.04.30 16:00:00";"1.77678";"0.14";"2004.05.03 13:58:00";"1.77001";"-95.81";"11168.78";"IS";"SL";"-94.78";"50.26";"2d 21h 58m";""
"31";"GBPUSD_DukasM1_the5ers";"Buy";"2004.05.14 17:00:00";"1.76341";"0.12";"2004.05.19 10:07:00";"1.77708";"162.59";"11331.37";"IS";"PT";"-78.36";"164.04";"4d 17h 7m";""
"32";"GBPUSD_DukasM1_the5ers";"Buy";"2004.06.03 14:00:00";"1.83598";"0.15";"2004.06.07 04:22:00";"1.84636";"154.24";"11485.61";"IS";"PT";"-55.50";"155.70";"3d 14h 22m";""
"33";"GBPUSD_DukasM1_the5ers";"Buy";"2004.06.25 22:00:00";"1.82563";"0.15";"2004.06.29 11:02:00";"1.81920";"-97.91";"11387.70";"IS";"SL";"-96.45";"123.30";"3d 13h 2m";""
"34";"GBPUSD_DukasM1_the5ers";"Buy";"2004.07.02 16:00:00";"1.83035";"0.16";"2004.07.06 15:18:00";"1.84062";"162.76";"11550.47";"IS";"PT";"-61.76";"164.32";"3d 23h 18m";""
"35";"GBPUSD_DukasM1_the5ers";"Buy";"2004.07.09 20:00:00";"1.85649";"0.17";"2004.07.15 07:48:00";"1.85060";"-103.39";"11447.08";"IS";"SL";"-100.13";"165.07";"5d 11h 48m";""
"36";"GBPUSD_DukasM1_the5ers";"Buy";"2004.07.15 15:00:00";"1.85293";"0.18";"2004.07.16 15:31:00";"1.86174";"157.26";"11604.34";"IS";"PT";"-95.40";"158.58";"1d 0h 31m";""
"37";"GBPUSD_DukasM1_the5ers";"Buy";"2004.07.30 16:00:00";"1.82145";"0.15";"2004.08.02 12:00:00";"1.83246";"164.05";"11768.38";"IS";"PT";"-89.70";"165.15";"2d 20h 0m";""
"38";"GBPUSD_DukasM1_the5ers";"Buy";"2004.08.04 18:00:00";"1.82431";"0.17";"2004.08.06 15:32:00";"1.83390";"160.58";"11928.96";"IS";"PT";"-91.63";"163.03";"1d 21h 32m";""
"39";"GBPUSD_DukasM1_the5ers";"Buy";"2004.08.06 16:00:00";"1.84418";"0.15";"2004.08.09 17:51:00";"1.83763";"-99.35";"11829.60";"IS";"SL";"-98.25";"33.60";"3d 1h 51m";""
"40";"GBPUSD_DukasM1_the5ers";"Buy";"2004.08.31 19:00:00";"1.80246";"0.17";"2004.09.01 10:19:00";"1.79685";"-96.62";"11732.98";"IS";"SL";"-95.37";"68.68";"15h 19m";""
"41";"GBPUSD_DukasM1_the5ers";"Buy";"2004.09.10 01:00:00";"1.78897";"0.19";"2004.09.10 15:58:00";"1.79765";"163.97";"11896.95";"IS";"PT";"-57.76";"164.92";"14h 58m";""
"42";"GBPUSD_DukasM1_the5ers";"Buy";"2004.09.14 05:00:00";"1.79881";"0.23";"2004.09.14 13:12:00";"1.79447";"-100.97";"11795.98";"IS";"SL";"-99.82";"56.58";"8h 12m";""
"43";"GBPUSD_DukasM1_the5ers";"Buy";"2004.09.24 12:00:00";"1.80058";"0.22";"2004.09.24 14:34:00";"1.80778";"157.30";"11953.28";"IS";"PT";"-9.24";"158.40";"2h 34m";""
"44";"GBPUSD_DukasM1_the5ers";"Buy";"2004.09.27 18:00:00";"1.80756";"0.23";"2004.09.28 13:40:00";"1.81464";"161.15";"12114.43";"IS";"PT";"-29.67";"162.84";"19h 40m";""
"45";"GBPUSD_DukasM1_the5ers";"Buy";"2004.10.13 20:00:00";"1.79341";"0.2";"2004.10.14 10:20:00";"1.80155";"160.38";"12274.81";"IS";"PT";"-25.80";"162.80";"14h 20m";""
"46";"GBPUSD_DukasM1_the5ers";"Buy";"2004.10.15 14:00:00";"1.80001";"0.24";"2004.10.18 15:02:00";"1.80678";"160.71";"12435.53";"IS";"PT";"-80.16";"162.48";"3d 1h 2m";""
"47";"GBPUSD_DukasM1_the5ers";"Buy";"2004.10.19 12:00:00";"1.79976";"0.22";"2004.10.20 09:21:00";"1.80726";"163.38";"12598.91";"IS";"PT";"-29.04";"165.00";"21h 21m";""
"48";"GBPUSD_DukasM1_the5ers";"Buy";"2004.11.02 14:00:00";"1.83472";"0.24";"2004.11.03 00:19:00";"1.84158";"162.87";"12761.78";"IS";"PT";"-0.72";"164.64";"10h 19m";""
"49";"GBPUSD_DukasM1_the5ers";"Buy";"2004.11.03 15:00:00";"1.84296";"0.18";"2004.11.05 15:31:00";"1.83742";"-102.32";"12659.46";"IS";"SL";"-99.72";"124.92";"2d 0h 31m";""
"50";"GBPUSD_DukasM1_the5ers";"Buy";"2004.11.05 18:00:00";"1.84781";"0.15";"2004.11.08 11:45:00";"1.85832";"156.55";"12816.01";"IS";"PT";"-5.40";"157.65";"2d 17h 45m";""
"51";"GBPUSD_DukasM1_the5ers";"Buy";"2004.11.29 18:00:00";"1.89356";"0.16";"2004.11.30 03:32:00";"1.88742";"-99.42";"12716.59";"IS";"SL";"-98.24";"43.84";"9h 32m";""
"52";"GBPUSD_DukasM1_the5ers";"Buy";"2004.11.30 12:00:00";"1.89478";"0.18";"2004.11.30 13:45:00";"1.90392";"163.62";"12880.21";"IS";"PT";"-19.80";"164.52";"1h 45m";""
"53";"GBPUSD_DukasM1_the5ers";"Buy";"2004.12.27 18:00:00";"1.93355";"0.17";"2004.12.28 18:02:00";"1.92773";"-100.19";"12780.02";"IS";"SL";"-98.94";"134.30";"1d 0h 2m";""
"54";"GBPUSD_DukasM1_the5ers";"Buy";"2005.01.11 03:00:00";"1.87770";"0.17";"2005.01.12 10:24:00";"1.87198";"-98.49";"12681.53";"IS";"SL";"-97.24";"71.40";"1d 7h 24m";""
"55";"GBPUSD_DukasM1_the5ers";"Buy";"2005.01.21 19:00:00";"1.87331";"0.14";"2005.01.25 17:27:00";"1.86646";"-97.26";"12584.27";"IS";"SL";"-95.90";"140.28";"3d 22h 27m";""
"56";"GBPUSD_DukasM1_the5ers";"Buy";"2005.01.27 21:00:00";"1.88851";"0.17";"2005.01.28 13:27:00";"1.88281";"-98.15";"12486.12";"IS";"SL";"-96.90";"67.32";"16h 27m";""
"57";"GBPUSD_DukasM1_the5ers";"Buy";"2005.02.04 13:00:00";"1.88478";"0.25";"2005.02.04 15:37:00";"1.89116";"158.25";"12644.37";"IS";"PT";"-94.00";"159.50";"2h 37m";""
"58";"GBPUSD_DukasM1_the5ers";"Buy";"2005.02.10 17:00:00";"1.86584";"0.16";"2005.02.14 03:23:00";"1.87590";"159.40";"12803.77";"IS";"PT";"-53.60";"160.96";"3d 10h 23m";""
"59";"GBPUSD_DukasM1_the5ers";"Buy";"2005.02.22 06:00:00";"1.90160";"0.24";"2005.02.22 09:02:00";"1.90823";"157.92";"12961.69";"IS";"PT";"-8.16";"159.12";"3h 2m";""
"60";"GBPUSD_DukasM1_the5ers";"Buy";"2005.02.25 17:00:00";"1.91256";"0.16";"2005.02.28 04:26:00";"1.92247";"157.38";"13119.07";"IS";"PT";"-3.36";"158.56";"2d 11h 26m";""
"61";"GBPUSD_DukasM1_the5ers";"Buy";"2005.03.01 12:00:00";"1.92136";"0.2";"2005.03.01 16:46:00";"1.91654";"-97.40";"13021.67";"IS";"SL";"-96.40";"24.20";"4h 46m";""
"62";"GBPUSD_DukasM1_the5ers";"Buy";"2005.03.16 10:00:00";"1.91971";"0.18";"2005.03.16 17:43:00";"1.92889";"164.34";"13186.01";"IS";"PT";"-13.32";"165.24";"7h 43m";""
"63";"GBPUSD_DukasM1_the5ers";"Buy";"2005.03.31 12:00:00";"1.88197";"0.21";"2005.03.31 16:16:00";"1.88975";"162.33";"13348.34";"IS";"PT";"-35.49";"163.38";"4h 16m";""
"64";"GBPUSD_DukasM1_the5ers";"Buy";"2005.04.01 17:00:00";"1.89434";"0.19";"2005.04.01 17:14:00";"1.88922";"-98.23";"13250.11";"IS";"SL";"-97.28";"1.14";"14m 0s";""
"65";"GBPUSD_DukasM1_the5ers";"Buy";"2005.04.08 13:00:00";"1.86987";"0.21";"2005.04.08 18:23:00";"1.87761";"161.49";"13411.60";"IS";"PT";"-42.00";"162.54";"5h 23m";""
"66";"GBPUSD_DukasM1_the5ers";"Buy";"2005.04.27 16:00:00";"1.90851";"0.22";"2005.04.27 19:08:00";"1.90414";"-97.24";"13314.36";"IS";"SL";"-96.14";"12.98";"3h 8m";""
"67";"GBPUSD_DukasM1_the5ers";"Buy";"2005.05.25 17:00:00";"1.83240";"0.23";"2005.05.26 07:42:00";"1.82816";"-100.30";"13214.07";"IS";"SL";"-97.52";"19.78";"14h 42m";""
"68";"GBPUSD_DukasM1_the5ers";"Buy";"2005.07.20 22:00:00";"1.74031";"0.12";"2005.07.21 14:23:00";"1.75342";"155.87";"13369.94";"IS";"PT";"-42.36";"157.32";"16h 23m";""
"69";"GBPUSD_DukasM1_the5ers";"Buy";"2005.08.17 14:00:00";"1.81023";"0.21";"2005.08.17 19:31:00";"1.80547";"-101.01";"13268.93";"IS";"SL";"-99.96";"24.36";"5h 31m";""
"70";"GBPUSD_DukasM1_the5ers";"Buy";"2005.08.19 13:00:00";"1.79588";"0.19";"2005.08.22 15:03:00";"1.80420";"156.68";"13425.61";"IS";"PT";"-85.50";"158.08";"3d 2h 3m";""
"71";"GBPUSD_DukasM1_the5ers";"Buy";"2005.08.31 16:00:00";"1.78948";"0.21";"2005.08.31 17:31:00";"1.79733";"163.80";"13589.41";"IS";"PT";"-95.13";"164.85";"1h 31m";""
"72";"GBPUSD_DukasM1_the5ers";"Buy";"2005.09.06 14:00:00";"1.84403";"0.18";"2005.09.07 03:17:00";"1.83870";"-97.26";"13492.14";"IS";"SL";"-95.94";"44.10";"13h 17m";""
"73";"GBPUSD_DukasM1_the5ers";"Buy";"2005.09.07 10:00:00";"1.84343";"0.2";"2005.09.07 14:00:00";"1.83864";"-96.80";"13395.34";"IS";"SL";"-95.80";"48.60";"4h 0m";""
"74";"GBPUSD_DukasM1_the5ers";"Buy";"2005.09.14 16:00:00";"1.82839";"0.2";"2005.09.14 18:19:00";"1.82340";"-100.80";"13294.54";"IS";"SL";"-99.80";"31.80";"2h 19m";""
"75";"GBPUSD_DukasM1_the5ers";"Buy";"2005.09.19 15:00:00";"1.80557";"0.18";"2005.09.20 21:24:00";"1.80018";"-98.34";"13196.20";"IS";"SL";"-97.02";"41.04";"1d 6h 24m";""
"76";"GBPUSD_DukasM1_the5ers";"Buy";"2005.10.06 21:00:00";"1.77787";"0.16";"2005.10.07 09:46:00";"1.77191";"-96.54";"13099.66";"IS";"SL";"-95.36";"49.60";"12h 46m";""
"77";"GBPUSD_DukasM1_the5ers";"Buy";"2005.10.11 12:00:00";"1.75423";"0.2";"2005.10.11 14:25:00";"1.74931";"-99.40";"13000.26";"IS";"SL";"-98.40";"0.80";"2h 25m";""
"78";"GBPUSD_DukasM1_the5ers";"Buy";"2005.10.12 12:00:00";"1.74644";"0.2";"2005.10.12 15:41:00";"1.75436";"157.40";"13157.66";"IS";"PT";"-42.40";"158.40";"3h 41m";""
"79";"GBPUSD_DukasM1_the5ers";"Buy";"2005.10.13 19:00:00";"1.75274";"0.18";"2005.10.14 16:32:00";"1.76192";"163.92";"13321.58";"IS";"PT";"-88.20";"165.24";"21h 32m";""
"80";"GBPUSD_DukasM1_the5ers";"Buy";"2005.10.14 17:00:00";"1.76637";"0.14";"2005.10.17 11:49:00";"1.75960";"-95.81";"13225.76";"IS";"SL";"-94.78";"88.20";"2d 18h 49m";""
"81";"GBPUSD_DukasM1_the5ers";"Buy";"2005.10.20 16:00:00";"1.76957";"0.17";"2005.10.21 03:17:00";"1.77908";"160.42";"13386.18";"IS";"PT";"-31.11";"161.67";"11h 17m";""
"82";"GBPUSD_DukasM1_the5ers";"Buy";"2005.11.24 13:00:00";"1.72664";"0.21";"2005.11.24 18:28:00";"1.72205";"-97.44";"13288.74";"IS";"SL";"-96.39";"0.00";"5h 28m";""
"83";"GBPUSD_DukasM1_the5ers";"Buy";"2005.12.02 16:00:00";"1.73530";"0.2";"2005.12.02 16:24:00";"1.73032";"-100.60";"13188.14";"IS";"SL";"-99.60";"18.00";"24m 0s";""
"84";"GBPUSD_DukasM1_the5ers";"Buy";"2005.12.05 14:00:00";"1.73560";"0.21";"2005.12.05 19:46:00";"1.74348";"164.43";"13352.57";"IS";"PT";"-33.60";"165.48";"5h 46m";""
"85";"GBPUSD_DukasM1_the5ers";"Buy";"2005.12.15 14:00:00";"1.77224";"0.18";"2005.12.15 16:58:00";"1.76675";"-99.72";"13252.85";"IS";"SL";"-98.82";"36.00";"2h 58m";""
"86";"GBPUSD_DukasM1_the5ers";"Buy";"2006.01.10 13:00:00";"1.76848";"0.2";"2006.01.10 15:43:00";"1.76368";"-97.00";"13155.85";"IS";"SL";"-96.00";"3.00";"2h 43m";""
"87";"GBPUSD_DukasM1_the5ers";"Buy";"2006.01.20 13:00:00";"1.75919";"0.22";"2006.01.20 16:16:00";"1.76670";"164.12";"13319.97";"IS";"PT";"-22.88";"165.22";"3h 16m";""
"88";"GBPUSD_DukasM1_the5ers";"Buy";"2006.01.24 19:00:00";"1.78824";"0.2";"2006.01.24 21:25:00";"1.78333";"-99.20";"13220.77";"IS";"SL";"-98.20";"24.20";"2h 25m";""
"89";"GBPUSD_DukasM1_the5ers";"Buy";"2006.01.25 12:00:00";"1.79234";"0.2";"2006.01.25 15:43:00";"1.78748";"-98.20";"13122.57";"IS";"SL";"-97.20";"4.00";"3h 43m";""
"90";"GBPUSD_DukasM1_the5ers";"Buy";"2006.01.27 12:00:00";"1.78042";"0.21";"2006.01.27 13:10:00";"1.77568";"-100.59";"13021.98";"IS";"SL";"-99.54";"5.25";"1h 10m";""
"91";"GBPUSD_DukasM1_the5ers";"Buy";"2006.03.16 11:00:00";"1.74850";"0.26";"2006.03.16 17:08:00";"1.75465";"158.60";"13180.58";"IS";"PT";"-81.64";"159.90";"6h 8m";""
"92";"GBPUSD_DukasM1_the5ers";"Buy";"2006.03.20 10:00:00";"1.75800";"0.26";"2006.03.20 13:53:00";"1.75423";"-99.32";"13081.26";"IS";"SL";"-98.02";"12.74";"3h 53m";""
"93";"GBPUSD_DukasM1_the5ers";"Buy";"2006.04.03 18:00:00";"1.73695";"0.18";"2006.04.04 12:12:00";"1.74570";"156.18";"13237.44";"IS";"PT";"-23.58";"157.50";"18h 12m";""
"94";"GBPUSD_DukasM1_the5ers";"Buy";"2006.04.17 01:00:00";"1.75266";"0.44";"2006.04.17 01:04:00";"1.75039";"-102.08";"13135.36";"IS";"SL";"-99.88";"14.52";"4m 0s";""
"95";"GBPUSD_DukasM1_the5ers";"Buy";"2006.04.25 16:00:00";"1.79017";"0.21";"2006.04.25 17:08:00";"1.78557";"-97.65";"13037.71";"IS";"SL";"-96.60";"78.33";"1h 8m";""
"96";"GBPUSD_DukasM1_the5ers";"Buy";"2006.05.02 12:00:00";"1.83326";"0.15";"2006.05.03 05:35:00";"1.84394";"159.10";"13196.80";"IS";"PT";"-34.35";"160.20";"17h 35m";""
"97";"GBPUSD_DukasM1_the5ers";"Buy";"2006.05.05 16:00:00";"1.85740";"0.13";"2006.05.10 09:53:00";"1.86985";"160.28";"13357.08";"IS";"PT";"-78.65";"161.85";"4d 17h 53m";""
"98";"GBPUSD_DukasM1_the5ers";"Buy";"2006.06.01 18:00:00";"1.86786";"0.14";"2006.06.02 10:13:00";"1.86114";"-95.11";"13261.97";"IS";"SL";"-94.08";"10.50";"16h 13m";""
"99";"GBPUSD_DukasM1_the5ers";"Buy";"2006.06.29 22:00:00";"1.82940";"0.16";"2006.06.30 15:31:00";"1.83932";"157.54";"13419.52";"IS";"PT";"-60.80";"158.72";"17h 31m";""
"100";"GBPUSD_DukasM1_the5ers";"Buy";"2006.07.05 09:00:00";"1.84717";"0.27";"2006.07.05 09:59:00";"1.84350";"-100.44";"13319.08";"IS";"SL";"-99.09";"34.29";"59m 0s";""
"101";"GBPUSD_DukasM1_the5ers";"Buy";"2006.07.07 11:00:00";"1.83830";"0.3";"2006.07.07 15:29:00";"1.84368";"159.90";"13478.98";"IS";"PT";"-38.40";"161.40";"4h 29m";""
"102";"GBPUSD_DukasM1_the5ers";"Buy";"2006.07.19 13:00:00";"1.82867";"0.21";"2006.07.19 15:30:00";"1.82398";"-99.54";"13379.44";"IS";"SL";"-98.49";"4.20";"2h 30m";""
"103";"GBPUSD_DukasM1_the5ers";"Buy";"2006.07.28 11:00:00";"1.85949";"0.24";"2006.07.28 14:36:00";"1.85542";"-98.88";"13280.56";"IS";"SL";"-97.68";"52.56";"3h 36m";""
"104";"GBPUSD_DukasM1_the5ers";"Buy";"2006.08.03 15:00:00";"1.88463";"0.19";"2006.08.04 15:28:00";"1.89321";"161.62";"13442.18";"IS";"PT";"-13.49";"163.02";"1d 0h 28m";""
"105";"GBPUSD_DukasM1_the5ers";"Buy";"2006.08.08 17:00:00";"1.90743";"0.28";"2006.08.08 21:16:00";"1.91326";"161.84";"13604.02";"IS";"PT";"-59.08";"163.24";"4h 16m";""
"106";"GBPUSD_DukasM1_the5ers";"Buy";"2006.08.16 16:00:00";"1.89840";"0.19";"2006.08.17 15:43:00";"1.89332";"-98.82";"13505.20";"IS";"SL";"-96.52";"72.20";"23h 43m";""
"107";"GBPUSD_DukasM1_the5ers";"Buy";"2006.08.24 14:00:00";"1.89355";"0.23";"2006.08.24 18:45:00";"1.88925";"-100.05";"13405.15";"IS";"SL";"-98.90";"79.12";"4h 45m";""
"108";"GBPUSD_DukasM1_the5ers";"Buy";"2006.09.01 12:00:00";"1.90460";"0.27";"2006.09.01 15:29:00";"1.90101";"-98.28";"13306.87";"IS";"SL";"-96.93";"22.14";"3h 29m";""
"109";"GBPUSD_DukasM1_the5ers";"Buy";"2006.09.13 19:00:00";"1.87659";"0.25";"2006.09.14 13:16:00";"1.88299";"156.98";"13463.85";"IS";"PT";"-37.00";"160.00";"18h 16m";""
"110";"GBPUSD_DukasM1_the5ers";"Buy";"2006.09.19 16:00:00";"1.88681";"0.2";"2006.09.19 18:42:00";"1.88198";"-97.60";"13366.25";"IS";"SL";"-96.60";"31.20";"2h 42m";""
"111";"GBPUSD_DukasM1_the5ers";"Buy";"2006.10.19 17:00:00";"1.87567";"0.23";"2006.10.20 13:02:00";"1.88265";"158.85";"13525.10";"IS";"PT";"-16.10";"160.54";"20h 2m";""
"112";"GBPUSD_DukasM1_the5ers";"Buy";"2006.10.31 18:00:00";"1.90700";"0.21";"2006.11.03 15:31:00";"1.90223";"-103.70";"13421.40";"IS";"SL";"-100.17";"136.50";"2d 21h 31m";""
"113";"GBPUSD_DukasM1_the5ers";"Buy";"2006.11.17 17:00:00";"1.89116";"0.24";"2006.11.20 11:56:00";"1.89797";"161.67";"13583.08";"IS";"PT";"-2.40";"163.44";"2d 18h 56m";""
"114";"GBPUSD_DukasM1_the5ers";"Buy";"2006.12.01 18:00:00";"1.98050";"0.15";"2006.12.04 10:09:00";"1.97394";"-99.50";"13483.57";"IS";"SL";"-98.40";"49.35";"2d 16h 9m";""
"115";"GBPUSD_DukasM1_the5ers";"Buy";"2006.12.05 00:00:00";"1.98129";"0.18";"2006.12.05 05:59:00";"1.97580";"-99.72";"13383.85";"IS";"SL";"-98.82";"9.90";"5h 59m";""
"116";"GBPUSD_DukasM1_the5ers";"Buy";"2006.12.08 16:00:00";"1.96735";"0.2";"2006.12.08 18:48:00";"1.96248";"-98.40";"13285.45";"IS";"SL";"-97.40";"104.00";"2h 48m";""
"117";"GBPUSD_DukasM1_the5ers";"Buy";"2006.12.15 16:00:00";"1.96558";"0.17";"2006.12.15 16:37:00";"1.95996";"-96.39";"13189.06";"IS";"SL";"-95.54";"6.29";"37m 0s";""
"118";"GBPUSD_DukasM1_the5ers";"Buy";"2006.12.28 13:00:00";"1.95975";"0.28";"2006.12.28 15:27:00";"1.96552";"160.16";"13349.22";"IS";"PT";"-12.32";"161.56";"2h 27m";""
"119";"GBPUSD_DukasM1_the5ers";"Buy";"2007.01.02 00:00:00";"1.95890";"0.47";"2007.01.02 01:10:00";"1.96239";"161.68";"13510.90";"IS";"PT";"-19.27";"164.03";"1h 10m";""
"120";"GBPUSD_DukasM1_the5ers";"Buy";"2007.02.02 16:00:00";"1.97056";"0.25";"2007.02.02 16:02:00";"1.96662";"-99.75";"13411.15";"IS";"SL";"-98.50";"0.00";"2m 0s";""
"121";"GBPUSD_DukasM1_the5ers";"Buy";"2007.02.20 18:00:00";"1.95674";"0.21";"2007.02.21 11:33:00";"1.95208";"-99.41";"13311.75";"IS";"SL";"-97.86";"42.00";"17h 33m";""
"122";"GBPUSD_DukasM1_the5ers";"Buy";"2007.03.14 16:00:00";"1.92905";"0.19";"2007.03.15 01:39:00";"1.93752";"158.63";"13470.38";"IS";"PT";"-42.37";"160.93";"9h 39m";""
"123";"GBPUSD_DukasM1_the5ers";"Buy";"2007.03.20 10:00:00";"1.94799";"0.25";"2007.03.20 11:22:00";"1.94407";"-99.25";"13371.13";"IS";"SL";"-98.00";"36.25";"1h 22m";""
"124";"GBPUSD_DukasM1_the5ers";"Buy";"2007.03.21 21:00:00";"1.96859";"0.2";"2007.03.22 18:32:00";"1.96373";"-99.62";"13271.51";"IS";"SL";"-97.20";"77.00";"21h 32m";""
"125";"GBPUSD_DukasM1_the5ers";"Buy";"2007.03.30 19:00:00";"1.96828";"0.19";"2007.04.02 14:50:00";"1.97699";"164.09";"13435.61";"IS";"PT";"-37.62";"165.49";"2d 19h 50m";""
"126";"GBPUSD_DukasM1_the5ers";"Buy";"2007.04.30 18:00:00";"1.99963";"0.19";"2007.05.02 06:20:00";"1.99444";"-100.46";"13335.15";"IS";"SL";"-98.61";"148.58";"1d 12h 20m";""
"127";"GBPUSD_DukasM1_the5ers";"Buy";"2007.05.15 18:00:00";"1.98393";"0.23";"2007.05.16 18:12:00";"1.97970";"-98.98";"13236.17";"IS";"SL";"-97.29";"79.81";"1d 0h 12m";""
"128";"GBPUSD_DukasM1_the5ers";"Buy";"2007.05.23 13:00:00";"1.97813";"0.32";"2007.05.23 14:26:00";"1.98328";"163.20";"13399.37";"IS";"PT";"-12.16";"164.80";"1h 26m";""
"129";"GBPUSD_DukasM1_the5ers";"Buy";"2007.06.01 19:00:00";"1.98038";"0.28";"2007.06.04 12:17:00";"1.98615";"159.50";"13558.87";"IS";"PT";"-5.04";"161.56";"2d 17h 17m";""
"130";"GBPUSD_DukasM1_the5ers";"Buy";"2007.06.06 07:00:00";"1.99503";"0.35";"2007.06.06 11:25:00";"1.99223";"-99.75";"13459.12";"IS";"SL";"-98.00";"19.95";"4h 25m";""
"131";"GBPUSD_DukasM1_the5ers";"Buy";"2007.06.12 21:00:00";"1.97803";"0.25";"2007.06.12 23:25:00";"1.97416";"-98.59";"13360.53";"IS";"SL";"-96.75";"6.75";"2h 25m";""
"132";"GBPUSD_DukasM1_the5ers";"Buy";"2007.07.06 18:00:00";"2.01313";"0.24";"2007.07.10 16:18:00";"2.01980";"157.75";"13518.27";"IS";"PT";"-82.32";"160.08";"3d 22h 18m";""
"133";"GBPUSD_DukasM1_the5ers";"Buy";"2007.07.13 12:00:00";"2.03133";"0.27";"2007.07.16 11:02:00";"2.03737";"161.09";"13679.37";"IS";"PT";"-11.61";"163.08";"2d 23h 2m";""
"134";"GBPUSD_DukasM1_the5ers";"Buy";"2007.07.24 04:00:00";"2.06348";"0.3";"2007.07.24 13:27:00";"2.06015";"-101.40";"13577.97";"IS";"SL";"-99.90";"54.60";"9h 27m";""
"135";"GBPUSD_DukasM1_the5ers";"Buy";"2007.07.31 19:00:00";"2.03613";"0.18";"2007.08.01 00:11:00";"2.03057";"-101.40";"13476.56";"IS";"SL";"-100.08";"30.06";"5h 11m";""
"136";"GBPUSD_DukasM1_the5ers";"Buy";"2007.08.01 16:00:00";"2.03203";"0.16";"2007.08.03 18:34:00";"2.04213";"159.29";"13635.85";"IS";"PT";"-82.08";"161.60";"2d 2h 34m";""
"137";"GBPUSD_DukasM1_the5ers";"Buy";"2007.08.28 14:00:00";"2.01103";"0.2";"2007.08.28 18:49:00";"2.00614";"-98.80";"13537.05";"IS";"SL";"-97.80";"61.40";"4h 49m";""
"138";"GBPUSD_DukasM1_the5ers";"Buy";"2007.09.07 16:00:00";"2.02973";"0.17";"2007.09.11 10:20:00";"2.02392";"-100.42";"13436.63";"IS";"SL";"-98.77";"55.59";"3d 18h 20m";""
"139";"GBPUSD_DukasM1_the5ers";"Buy";"2007.09.11 12:00:00";"2.02873";"0.24";"2007.09.12 08:29:00";"2.03553";"161.43";"13598.06";"IS";"PT";"-17.52";"163.20";"20h 29m";""
"140";"GBPUSD_DukasM1_the5ers";"Buy";"2007.09.25 15:00:00";"2.01543";"0.18";"2007.09.27 08:49:00";"2.02441";"159.04";"13757.10";"IS";"PT";"-89.64";"161.64";"1d 17h 49m";""
"141";"GBPUSD_DukasM1_the5ers";"Buy";"2007.10.02 16:00:00";"2.04328";"0.18";"2007.10.03 10:43:00";"2.03797";"-96.90";"13660.20";"IS";"SL";"-95.58";"24.66";"18h 43m";""
"142";"GBPUSD_DukasM1_the5ers";"Buy";"2007.10.12 15:00:00";"2.03378";"0.17";"2007.10.15 12:59:00";"2.04320";"158.89";"13819.09";"IS";"PT";"-43.86";"160.14";"2d 21h 59m";""
"143";"GBPUSD_DukasM1_the5ers";"Buy";"2007.10.19 08:00:00";"2.04843";"0.19";"2007.10.19 09:08:00";"2.04340";"-96.52";"13722.57";"IS";"SL";"-95.57";"17.48";"1h 8m";""
"144";"GBPUSD_DukasM1_the5ers";"Buy";"2007.11.08 13:00:00";"2.10528";"0.16";"2007.11.09 12:24:00";"2.11522";"157.86";"13880.43";"IS";"PT";"-90.08";"159.04";"23h 24m";""
"145";"GBPUSD_DukasM1_the5ers";"Buy";"2007.12.26 08:00:00";"1.97948";"0.22";"2007.12.27 05:13:00";"1.98676";"157.50";"14037.93";"IS";"PT";"-3.96";"160.16";"21h 13m";""
"146";"GBPUSD_DukasM1_the5ers";"Buy";"2008.01.01 21:00:00";"1.98668";"0.23";"2008.01.02 03:32:00";"1.98247";"-98.52";"13939.41";"IS";"SL";"-96.83";"71.76";"6h 32m";""
"147";"GBPUSD_DukasM1_the5ers";"Buy";"2008.01.04 12:00:00";"1.97663";"0.16";"2008.01.07 03:28:00";"1.97055";"-98.46";"13840.95";"IS";"SL";"-97.28";"133.12";"2d 15h 28m";""
"148";"GBPUSD_DukasM1_the5ers";"Buy";"2008.01.28 13:00:00";"1.98263";"0.14";"2008.01.30 13:58:00";"1.99421";"160.76";"14001.71";"IS";"PT";"-21.42";"162.12";"2d 0h 58m";""
"149";"GBPUSD_DukasM1_the5ers";"Buy";"2008.01.30 22:00:00";"1.99403";"0.15";"2008.01.30 23:49:00";"1.98766";"-97.36";"13904.35";"IS";"SL";"-95.55";"26.55";"1h 49m";""
"150";"GBPUSD_DukasM1_the5ers";"Buy";"2008.02.11 13:00:00";"1.95143";"0.16";"2008.02.11 15:55:00";"1.94533";"-98.40";"13805.95";"IS";"SL";"-97.60";"6.72";"2h 55m";""
"151";"GBPUSD_DukasM1_the5ers";"Buy";"2008.02.12 17:00:00";"1.95948";"0.16";"2008.02.14 10:04:00";"1.96976";"162.17";"13968.12";"IS";"PT";"-73.28";"164.48";"1d 17h 4m";""
"152";"GBPUSD_DukasM1_the5ers";"Buy";"2008.02.25 16:00:00";"1.96833";"0.21";"2008.02.26 19:00:00";"1.97596";"158.68";"14126.80";"IS";"PT";"-87.78";"160.23";"1d 3h 0m";""
"153";"GBPUSD_DukasM1_the5ers";"Buy";"2008.03.03 17:00:00";"1.99113";"0.15";"2008.03.03 17:34:00";"1.98447";"-100.65";"14026.15";"IS";"SL";"-99.90";"37.80";"34m 0s";""
"154";"GBPUSD_DukasM1_the5ers";"Buy";"2008.03.12 06:00:00";"2.01233";"0.15";"2008.03.12 17:34:00";"2.02333";"164.25";"14190.40";"IS";"PT";"-49.95";"165.00";"11h 34m";""
"155";"GBPUSD_DukasM1_the5ers";"Buy";"2008.03.14 16:00:00";"2.03733";"0.13";"2008.03.14 17:54:00";"2.02972";"-99.58";"14090.82";"IS";"SL";"-98.93";"32.11";"1h 54m";""
"156";"GBPUSD_DukasM1_the5ers";"Buy";"2008.03.27 13:00:00";"2.01603";"0.14";"2008.03.27 17:41:00";"2.00908";"-98.00";"13992.82";"IS";"SL";"-97.30";"45.08";"4h 41m";""
"157";"GBPUSD_DukasM1_the5ers";"Buy";"2008.04.03 17:00:00";"1.99048";"0.15";"2008.04.04 10:49:00";"2.00136";"162.10";"14154.92";"IS";"PT";"-40.95";"163.20";"17h 49m";""
"158";"GBPUSD_DukasM1_the5ers";"Buy";"2008.04.21 05:00:00";"2.00173";"0.16";"2008.04.21 09:15:00";"1.99562";"-98.56";"14056.36";"IS";"SL";"-97.76";"7.52";"4h 15m";""
"159";"GBPUSD_DukasM1_the5ers";"Buy";"2008.04.30 13:00:00";"1.96913";"0.17";"2008.04.30 17:44:00";"1.97876";"162.86";"14219.22";"IS";"PT";"-66.81";"163.71";"4h 44m";""
"160";"GBPUSD_DukasM1_the5ers";"Buy";"2008.05.12 12:00:00";"1.95713";"0.16";"2008.05.13 09:16:00";"1.95098";"-99.58";"14119.64";"IS";"SL";"-98.40";"98.72";"21h 16m";""
"161";"GBPUSD_DukasM1_the5ers";"Buy";"2008.05.16 18:00:00";"1.95363";"0.16";"2008.05.19 17:29:00";"1.94768";"-96.38";"14023.26";"IS";"SL";"-95.20";"138.72";"2d 23h 29m";""
"162";"GBPUSD_DukasM1_the5ers";"Buy";"2008.05.21 22:00:00";"1.96878";"0.18";"2008.05.22 12:04:00";"1.97758";"156.23";"14179.49";"IS";"PT";"-11.34";"158.40";"14h 4m";""
"163";"GBPUSD_DukasM1_the5ers";"Buy";"2008.05.23 15:00:00";"1.98243";"0.19";"2008.05.26 11:04:00";"1.97728";"-99.25";"14080.24";"IS";"SL";"-97.85";"52.63";"2d 20h 4m";""
"164";"GBPUSD_DukasM1_the5ers";"Buy";"2008.06.18 18:00:00";"1.95848";"0.17";"2008.06.19 11:30:00";"1.96774";"155.37";"14235.61";"IS";"PT";"-55.76";"157.42";"17h 30m";""
"165";"GBPUSD_DukasM1_the5ers";"Buy";"2008.07.21 13:00:00";"1.99633";"0.19";"2008.07.22 12:16:00";"2.00470";"157.63";"14393.24";"IS";"PT";"-54.72";"159.03";"23h 16m";""
"166";"GBPUSD_DukasM1_the5ers";"Buy";"2008.08.25 12:00:00";"1.84728";"0.16";"2008.08.25 18:50:00";"1.85720";"157.92";"14551.16";"IS";"PT";"-6.88";"158.72";"6h 50m";""
"167";"GBPUSD_DukasM1_the5ers";"Buy";"2008.09.05 12:00:00";"1.76353";"0.11";"2008.09.08 00:05:00";"1.77822";"160.78";"14711.94";"IS";"PT";"-70.73";"170.83";"2d 12h 5m";""
"168";"GBPUSD_DukasM1_the5ers";"Buy";"2008.09.19 16:00:00";"1.81433";"0.07";"2008.09.19 19:33:00";"1.83591";"150.71";"14862.65";"IS";"PT";"-17.01";"151.06";"3h 33m";""
"169";"GBPUSD_DukasM1_the5ers";"Buy";"2008.09.22 19:00:00";"1.84828";"0.08";"2008.09.25 19:44:00";"1.83605";"-99.18";"14763.46";"IS";"SL";"-97.84";"148.56";"3d 0h 44m";""
"170";"GBPUSD_DukasM1_the5ers";"Buy";"2008.10.07 16:00:00";"1.75948";"0.06";"2008.10.07 19:31:00";"1.74486";"-88.02";"14675.45";"IS";"SL";"-87.72";"23.52";"3h 31m";""
"171";"GBPUSD_DukasM1_the5ers";"Buy";"2008.11.19 13:00:00";"1.50553";"0.09";"2008.11.19 16:40:00";"1.52268";"153.90";"14829.34";"IS";"PT";"-31.77";"154.35";"3h 40m";""
"172";"GBPUSD_DukasM1_the5ers";"Buy";"2008.12.11 05:00:00";"1.48703";"0.1";"2008.12.11 19:51:00";"1.50278";"157.00";"14986.34";"IS";"PT";"-16.30";"157.50";"14h 51m";""
"173";"GBPUSD_DukasM1_the5ers";"Buy";"2008.12.15 16:00:00";"1.51373";"0.07";"2008.12.15 17:45:00";"1.53449";"144.97";"15131.31";"IS";"PT";"-10.36";"145.32";"1h 45m";""
"174";"GBPUSD_DukasM1_the5ers";"Buy";"2009.01.02 00:00:00";"1.46775";"0.15";"2009.01.02 00:32:00";"1.47851";"160.65";"15291.96";"IS";"PT";"-3.00";"161.40";"32m 0s";""
"175";"GBPUSD_DukasM1_the5ers";"Buy";"2009.01.06 19:00:00";"1.47748";"0.07";"2009.01.06 22:03:00";"1.49889";"149.52";"15441.49";"IS";"PT";"-6.86";"149.87";"3h 3m";""
"176";"GBPUSD_DukasM1_the5ers";"Buy";"2009.01.09 14:00:00";"1.52898";"0.08";"2009.01.09 16:35:00";"1.51658";"-99.60";"15341.88";"IS";"SL";"-99.20";"46.16";"2h 35m";""
"177";"GBPUSD_DukasM1_the5ers";"Buy";"2009.01.26 13:00:00";"1.38293";"0.06";"2009.01.27 07:55:00";"1.40844";"152.62";"15494.50";"IS";"PT";"-29.88";"153.06";"18h 55m";""
"178";"GBPUSD_DukasM1_the5ers";"Buy";"2009.01.29 13:00:00";"1.42513";"0.08";"2009.01.30 18:05:00";"1.44545";"161.97";"15656.47";"IS";"PT";"-53.04";"162.56";"1d 5h 5m";""
"179";"GBPUSD_DukasM1_the5ers";"Buy";"2009.02.04 17:00:00";"1.44823";"0.08";"2009.02.05 19:08:00";"1.46837";"160.15";"15816.63";"IS";"PT";"-94.64";"161.12";"1d 2h 8m";""
"180";"GBPUSD_DukasM1_the5ers";"Buy";"2009.02.06 19:00:00";"1.47728";"0.08";"2009.02.09 15:19:00";"1.49629";"151.49";"15968.12";"IS";"PT";"-57.04";"152.08";"2d 20h 19m";""
"181";"GBPUSD_DukasM1_the5ers";"Buy";"2009.03.12 20:00:00";"1.38958";"0.08";"2009.03.16 09:43:00";"1.40843";"150.02";"16118.14";"IS";"PT";"-25.84";"150.80";"3d 13h 43m";""
"182";"GBPUSD_DukasM1_the5ers";"Buy";"2009.03.24 03:00:00";"1.46753";"0.09";"2009.03.25 13:06:00";"1.45676";"-97.59";"16020.55";"IS";"SL";"-96.93";"93.33";"1d 10h 6m";""
"183";"GBPUSD_DukasM1_the5ers";"Buy";"2009.03.25 16:00:00";"1.46933";"0.09";"2009.03.25 16:15:00";"1.45876";"-95.58";"15924.97";"IS";"SL";"-95.13";"36.18";"15m 0s";""
"184";"GBPUSD_DukasM1_the5ers";"Buy";"2009.04.08 16:00:00";"1.47283";"0.11";"2009.04.08 17:59:00";"1.46426";"-94.82";"15830.15";"IS";"SL";"-94.27";"9.57";"1h 59m";""
"185";"GBPUSD_DukasM1_the5ers";"Buy";"2009.04.15 12:00:00";"1.49408";"0.13";"2009.04.16 03:49:00";"1.50647";"159.50";"15989.65";"IS";"PT";"-47.84";"161.07";"15h 49m";""
"186";"GBPUSD_DukasM1_the5ers";"Buy";"2009.04.24 17:00:00";"1.47518";"0.1";"2009.04.24 21:12:00";"1.46535";"-98.80";"15890.85";"IS";"SL";"-98.30";"21.20";"4h 12m";""
"187";"GBPUSD_DukasM1_the5ers";"Buy";"2009.04.28 15:00:00";"1.46033";"0.12";"2009.04.29 11:57:00";"1.47363";"158.72";"16049.57";"IS";"PT";"-31.56";"159.60";"20h 57m";""
"188";"GBPUSD_DukasM1_the5ers";"Buy";"2009.05.01 12:00:00";"1.48533";"0.11";"2009.05.04 19:07:00";"1.50021";"162.87";"16212.44";"IS";"PT";"-29.48";"163.68";"3d 7h 7m";""
"189";"GBPUSD_DukasM1_the5ers";"Buy";"2009.05.06 12:00:00";"1.50863";"0.12";"2009.05.06 14:36:00";"1.50043";"-99.00";"16113.44";"IS";"SL";"-98.40";"16.44";"2h 36m";""
"190";"GBPUSD_DukasM1_the5ers";"Buy";"2009.05.15 17:00:00";"1.52663";"0.12";"2009.05.15 19:57:00";"1.51865";"-96.36";"16017.08";"OOS1";"SL";"-95.76";"20.64";"2h 57m";""
"191";"GBPUSD_DukasM1_the5ers";"Buy";"2009.05.21 20:00:00";"1.58738";"0.08";"2009.05.27 19:15:00";"1.60781";"162.28";"16179.36";"OOS1";"PT";"-95.04";"163.44";"5d 23h 15m";""
"192";"GBPUSD_DukasM1_the5ers";"Buy";"2009.05.28 17:00:00";"1.59653";"0.11";"2009.05.28 19:49:00";"1.58779";"-96.69";"16082.67";"OOS1";"SL";"-96.14";"54.12";"2h 49m";""
"193";"GBPUSD_DukasM1_the5ers";"Buy";"2009.06.05 15:00:00";"1.61218";"0.09";"2009.06.05 16:36:00";"1.60130";"-98.37";"15984.30";"OOS1";"SL";"-97.92";"108.63";"1h 36m";""
"194";"GBPUSD_DukasM1_the5ers";"Buy";"2009.06.15 16:00:00";"1.64151";"0.1";"2009.06.15 17:31:00";"1.63212";"-94.40";"15889.90";"OOS1";"SL";"-93.90";"12.20";"1h 31m";""
"195";"GBPUSD_DukasM1_the5ers";"Buy";"2009.08.05 12:00:00";"1.69908";"0.14";"2009.08.06 14:00:00";"1.69210";"-99.41";"15790.49";"OOS1";"SL";"-97.72";"72.38";"1d 2h 0m";""
"196";"GBPUSD_DukasM1_the5ers";"Buy";"2009.08.31 18:00:00";"1.62983";"0.14";"2009.09.01 12:29:00";"1.62293";"-97.63";"15692.86";"OOS1";"SL";"-96.60";"108.08";"18h 29m";""
"197";"GBPUSD_DukasM1_the5ers";"Buy";"2009.09.10 15:00:00";"1.66253";"0.15";"2009.09.11 08:06:00";"1.67325";"159.70";"15852.56";"OOS1";"PT";"-53.70";"160.80";"17h 6m";""
"198";"GBPUSD_DukasM1_the5ers";"Buy";"2009.10.01 12:00:00";"1.60213";"0.13";"2009.10.01 17:58:00";"1.59464";"-98.02";"15754.54";"OOS1";"SL";"-97.37";"0.91";"5h 58m";""
"199";"GBPUSD_DukasM1_the5ers";"Buy";"2009.10.13 13:00:00";"1.58063";"0.14";"2009.10.13 19:32:00";"1.59176";"155.12";"15909.66";"OOS1";"PT";"-43.12";"155.82";"6h 32m";""
"200";"GBPUSD_DukasM1_the5ers";"Buy";"2009.10.15 03:00:00";"1.60453";"0.15";"2009.10.15 09:52:00";"1.61506";"157.20";"16066.86";"OOS1";"PT";"-16.20";"157.95";"6h 52m";""
"201";"GBPUSD_DukasM1_the5ers";"Buy";"2009.10.19 17:00:00";"1.63903";"0.12";"2009.10.21 10:32:00";"1.65252";"160.71";"16227.57";"OOS1";"PT";"-74.76";"161.88";"1d 17h 32m";""
"202";"GBPUSD_DukasM1_the5ers";"Buy";"2009.10.29 10:00:00";"1.64183";"0.13";"2009.10.29 15:37:00";"1.65373";"154.05";"16381.62";"OOS1";"PT";"-36.79";"154.70";"5h 37m";""
"203";"GBPUSD_DukasM1_the5ers";"Buy";"2009.11.05 15:00:00";"1.66093";"0.12";"2009.11.06 15:35:00";"1.65318";"-93.88";"16287.74";"OOS1";"SL";"-93.00";"30.84";"1d 0h 35m";""
"204";"GBPUSD_DukasM1_the5ers";"Buy";"2009.11.09 01:00:00";"1.66488";"0.16";"2009.11.09 09:17:00";"1.67518";"164.00";"16451.74";"OOS1";"PT";"-51.68";"164.80";"8h 17m";""
"205";"GBPUSD_DukasM1_the5ers";"Buy";"2009.11.16 18:00:00";"1.67698";"0.16";"2009.11.16 21:11:00";"1.68730";"164.32";"16616.05";"OOS1";"PT";"-5.28";"165.12";"3h 11m";""
"206";"GBPUSD_DukasM1_the5ers";"Buy";"2009.12.10 01:00:00";"1.62878";"0.11";"2009.12.11 17:45:00";"1.62010";"-96.29";"16519.77";"OOS1";"SL";"-95.48";"64.57";"1d 16h 45m";""
"207";"GBPUSD_DukasM1_the5ers";"Buy";"2010.01.12 12:00:00";"1.61358";"0.16";"2010.01.13 11:14:00";"1.62389";"163.78";"16683.55";"OOS1";"PT";"-39.68";"164.96";"23h 14m";""
"208";"GBPUSD_DukasM1_the5ers";"Buy";"2010.01.14 18:00:00";"1.63113";"0.18";"2010.01.15 17:50:00";"1.62563";"-100.32";"16583.22";"OOS1";"SL";"-99.00";"77.76";"23h 50m";""
"209";"GBPUSD_DukasM1_the5ers";"Buy";"2010.01.19 03:00:00";"1.64093";"0.18";"2010.01.19 13:43:00";"1.63554";"-97.92";"16485.30";"OOS1";"SL";"-97.02";"86.76";"10h 43m";""
"210";"GBPUSD_DukasM1_the5ers";"Buy";"2010.01.27 12:00:00";"1.61858";"0.16";"2010.01.28 17:54:00";"1.61264";"-96.97";"16388.33";"OOS1";"SL";"-95.04";"143.52";"1d 5h 54m";""
"211";"GBPUSD_DukasM1_the5ers";"Buy";"2010.02.11 19:00:00";"1.56718";"0.14";"2010.02.12 12:29:00";"1.56041";"-95.81";"16292.52";"OOS1";"SL";"-94.78";"96.18";"17h 29m";""
"212";"GBPUSD_DukasM1_the5ers";"Buy";"2010.03.04 15:00:00";"1.51003";"0.15";"2010.03.04 17:41:00";"1.50371";"-95.55";"16196.97";"OOS1";"SL";"-94.80";"52.80";"2h 41m";""
"213";"GBPUSD_DukasM1_the5ers";"Buy";"2010.03.05 18:00:00";"1.51008";"0.17";"2010.03.08 10:50:00";"1.51958";"160.25";"16357.22";"OOS1";"PT";"-19.21";"161.50";"2d 16h 50m";""
"214";"GBPUSD_DukasM1_the5ers";"Buy";"2010.03.16 12:00:00";"1.50963";"0.18";"2010.03.16 17:37:00";"1.51879";"163.98";"16521.20";"OOS1";"PT";"-29.34";"164.88";"5h 37m";""
"215";"GBPUSD_DukasM1_the5ers";"Buy";"2010.04.14 04:00:00";"1.54153";"0.18";"2010.04.15 05:46:00";"1.55027";"155.15";"16676.35";"OOS1";"PT";"-69.84";"157.32";"1d 1h 46m";""
"216";"GBPUSD_DukasM1_the5ers";"Buy";"2010.05.03 17:00:00";"1.52708";"0.16";"2010.05.04 10:23:00";"1.52085";"-100.86";"16575.49";"OOS1";"SL";"-99.68";"9.12";"17h 23m";""
"217";"GBPUSD_DukasM1_the5ers";"Buy";"2010.05.20 21:00:00";"1.44108";"0.09";"2010.05.25 10:28:00";"1.43002";"-100.63";"16474.86";"OOS1";"SL";"-99.54";"105.03";"4d 13h 28m";""
"218";"GBPUSD_DukasM1_the5ers";"Buy";"2010.06.22 16:00:00";"1.47928";"0.14";"2010.06.23 11:46:00";"1.49070";"158.85";"16633.71";"OOS1";"PT";"-18.62";"159.88";"19h 46m";""
"219";"GBPUSD_DukasM1_the5ers";"Buy";"2010.07.01 14:00:00";"1.49728";"0.15";"2010.07.01 16:36:00";"1.50788";"158.25";"16791.96";"OOS1";"PT";"-30.45";"159.00";"2h 36m";""
"220";"GBPUSD_DukasM1_the5ers";"Buy";"2010.07.27 15:00:00";"1.55418";"0.18";"2010.07.28 16:41:00";"1.56335";"163.74";"16955.70";"OOS1";"PT";"-61.74";"165.06";"1d 1h 41m";""
"221";"GBPUSD_DukasM1_the5ers";"Buy";"2010.07.30 18:00:00";"1.56598";"0.17";"2010.08.02 10:11:00";"1.57538";"158.55";"17114.24";"OOS1";"PT";"-9.86";"159.80";"2d 16h 11m";""
"222";"GBPUSD_DukasM1_the5ers";"Buy";"2010.08.05 14:00:00";"1.59148";"0.18";"2010.08.05 16:59:00";"1.58597";"-100.08";"17014.16";"OOS1";"SL";"-99.18";"15.66";"2h 59m";""
"223";"GBPUSD_DukasM1_the5ers";"Buy";"2010.08.06 16:00:00";"1.59453";"0.18";"2010.08.10 00:00:00";"1.58916";"-98.41";"16915.75";"OOS1";"SL";"-96.66";"93.96";"3d 8h 0m";""
"224";"GBPUSD_DukasM1_the5ers";"Buy";"2010.08.18 12:00:00";"1.56153";"0.16";"2010.08.19 02:59:00";"1.55563";"-96.33";"16819.42";"OOS1";"SL";"-94.40";"114.72";"14h 59m";""
"225";"GBPUSD_DukasM1_the5ers";"Buy";"2010.08.25 11:00:00";"1.54423";"0.18";"2010.08.26 06:48:00";"1.55308";"157.13";"16976.55";"OOS1";"PT";"-82.44";"159.30";"19h 48m";""
"226";"GBPUSD_DukasM1_the5ers";"Buy";"2010.09.14 16:00:00";"1.54573";"0.17";"2010.09.14 17:42:00";"1.55505";"157.59";"17134.14";"OOS1";"PT";"-23.46";"158.44";"1h 42m";""
"227";"GBPUSD_DukasM1_the5ers";"Buy";"2010.09.24 12:00:00";"1.57168";"0.18";"2010.09.24 16:21:00";"1.58079";"163.08";"17297.22";"OOS1";"PT";"-30.24";"163.98";"4h 21m";""
"228";"GBPUSD_DukasM1_the5ers";"Buy";"2010.09.28 12:00:00";"1.58818";"0.18";"2010.09.28 13:31:00";"1.58278";"-98.10";"17199.12";"OOS1";"SL";"-97.20";"23.76";"1h 31m";""
"229";"GBPUSD_DukasM1_the5ers";"Buy";"2010.10.13 20:00:00";"1.58903";"0.18";"2010.10.14 02:14:00";"1.59802";"159.65";"17358.76";"OOS1";"PT";"-16.74";"161.82";"6h 14m";""
"230";"GBPUSD_DukasM1_the5ers";"Buy";"2010.10.26 09:00:00";"1.57859";"0.19";"2010.10.26 12:12:00";"1.58704";"159.60";"17518.36";"OOS1";"PT";"-65.17";"160.55";"3h 12m";""
"231";"GBPUSD_DukasM1_the5ers";"Buy";"2010.10.29 15:00:00";"1.59898";"0.17";"2010.11.01 11:29:00";"1.60869";"163.82";"17682.18";"OOS1";"PT";"-60.86";"165.07";"2d 20h 29m";""
"232";"GBPUSD_DukasM1_the5ers";"Buy";"2010.11.05 17:00:00";"1.62601";"0.14";"2010.11.05 20:34:00";"1.61912";"-97.16";"17585.02";"OOS1";"SL";"-96.46";"0.00";"3h 34m";""
"233";"GBPUSD_DukasM1_the5ers";"Buy";"2010.11.09 13:00:00";"1.61530";"0.17";"2010.11.09 18:08:00";"1.60944";"-100.47";"17484.55";"OOS1";"SL";"-99.62";"51.51";"5h 8m";""
"234";"GBPUSD_DukasM1_the5ers";"Buy";"2010.11.12 15:00:00";"1.61021";"0.13";"2010.11.16 02:32:00";"1.60291";"-96.16";"17388.39";"OOS1";"SL";"-94.90";"105.56";"3d 11h 32m";""
"235";"GBPUSD_DukasM1_the5ers";"Buy";"2010.12.08 13:00:00";"1.57694";"0.18";"2010.12.09 18:09:00";"1.57142";"-101.53";"17286.85";"OOS1";"SL";"-99.36";"127.62";"1d 5h 9m";""
"236";"GBPUSD_DukasM1_the5ers";"Buy";"2011.01.10 18:00:00";"1.55701";"0.17";"2011.01.12 11:25:00";"1.56666";"162.40";"17449.25";"OOS1";"PT";"-98.77";"164.05";"1d 17h 25m";""
"237";"GBPUSD_DukasM1_the5ers";"Buy";"2011.01.17 13:00:00";"1.58927";"0.22";"2011.01.18 09:48:00";"1.59676";"163.16";"17612.41";"OOS1";"PT";"-50.82";"164.78";"20h 48m";""
"238";"GBPUSD_DukasM1_the5ers";"Buy";"2011.01.24 18:00:00";"1.60024";"0.18";"2011.01.25 09:16:00";"1.59482";"-98.88";"17513.53";"OOS1";"SL";"-97.56";"24.30";"15h 16m";""
"239";"GBPUSD_DukasM1_the5ers";"Buy";"2011.02.10 19:00:00";"1.61296";"0.16";"2011.02.11 03:46:00";"1.60690";"-98.14";"17415.39";"OOS1";"SL";"-96.96";"3.20";"8h 46m";""
"240";"GBPUSD_DukasM1_the5ers";"Buy";"2011.02.15 14:00:00";"1.61194";"0.16";"2011.02.16 12:47:00";"1.60583";"-98.94";"17316.45";"OOS1";"SL";"-97.76";"103.84";"22h 47m";""
"241";"GBPUSD_DukasM1_the5ers";"Buy";"2011.03.02 12:00:00";"1.62822";"0.2";"2011.03.07 17:25:00";"1.62340";"-99.76";"17216.69";"OOS1";"SL";"-96.40";"123.20";"5d 5h 25m";""
"1";"GBPUSD_DukasM1_the5ers";"Buy";"2011.03.31 03:00:00";"1.60957";"0.21";"2011.03.31 14:50:00";"1.60497";"-97.65";"17119.04";"OOS1";"SL";"-96.60";"114.87";"11h 50m";""
"2";"GBPUSD_DukasM1_the5ers";"Buy";"2011.04.01 19:00:00";"1.61303";"0.14";"2011.04.05 11:51:00";"1.62329";"142.28";"17261.32";"OOS1";"PT";"-55.02";"143.64";"3d 16h 51m";""
"3";"GBPUSD_DukasM1_the5ers";"Buy";"2011.04.05 12:00:00";"1.62426";"0.18";"2011.04.06 03:40:00";"1.63219";"141.42";"17402.74";"OOS1";"PT";"-49.50";"142.74";"15h 40m";""
"4";"GBPUSD_DukasM1_the5ers";"Buy";"2011.04.07 12:00:00";"1.63374";"0.22";"2011.04.07 14:35:00";"1.62924";"-100.10";"17302.64";"OOS1";"SL";"-99.00";"28.60";"2h 35m";""
"5";"GBPUSD_DukasM1_the5ers";"Buy";"2011.04.08 05:00:00";"1.63503";"0.22";"2011.04.08 10:25:00";"1.64148";"140.80";"17443.44";"OOS1";"PT";"-14.30";"141.90";"5h 25m";""
"6";"GBPUSD_DukasM1_the5ers";"Buy";"2011.04.11 17:00:00";"1.63895";"0.19";"2011.04.11 23:03:00";"1.63380";"-99.25";"17344.19";"OOS1";"SL";"-97.85";"68.59";"6h 3m";""
"7";"GBPUSD_DukasM1_the5ers";"Buy";"2011.04.15 03:00:00";"1.63682";"0.19";"2011.04.15 08:55:00";"1.63168";"-98.61";"17245.58";"OOS1";"SL";"-97.66";"7.03";"5h 55m";""
"8";"GBPUSD_DukasM1_the5ers";"Buy";"2011.04.27 12:00:00";"1.65650";"0.16";"2011.04.27 19:20:00";"1.65029";"-100.16";"17145.42";"OOS1";"SL";"-99.36";"24.80";"7h 20m";""
"9";"GBPUSD_DukasM1_the5ers";"Buy";"2011.04.29 12:00:00";"1.66853";"0.2";"2011.04.29 15:56:00";"1.66371";"-97.40";"17048.02";"OOS1";"SL";"-96.40";"9.80";"3h 56m";""
"10";"GBPUSD_DukasM1_the5ers";"Buy";"2011.05.25 13:00:00";"1.62037";"0.19";"2011.05.25 17:36:00";"1.62777";"139.65";"17187.67";"OOS1";"PT";"-6.27";"140.60";"4h 36m";""
"11";"GBPUSD_DukasM1_the5ers";"Buy";"2011.05.26 16:00:00";"1.63457";"0.19";"2011.05.27 04:35:00";"1.64216";"142.81";"17330.48";"OOS1";"PT";"-23.75";"144.21";"12h 35m";""
"12";"GBPUSD_DukasM1_the5ers";"Buy";"2011.05.31 02:00:00";"1.64846";"0.26";"2011.05.31 05:07:00";"1.65408";"144.82";"17475.30";"OOS1";"PT";"-1.56";"146.12";"3h 7m";""
"13";"GBPUSD_DukasM1_the5ers";"Buy";"2011.06.03 18:00:00";"1.63611";"0.17";"2011.06.06 01:54:00";"1.64468";"144.44";"17619.74";"OOS1";"PT";"-0.51";"145.69";"2d 7h 54m";""
"14";"GBPUSD_DukasM1_the5ers";"Buy";"2011.07.05 12:00:00";"1.60694";"0.19";"2011.07.06 09:52:00";"1.60168";"-101.34";"17518.40";"OOS1";"SL";"-99.94";"110.77";"21h 52m";""
"15";"GBPUSD_DukasM1_the5ers";"Buy";"2011.07.08 16:00:00";"1.60331";"0.18";"2011.07.11 09:35:00";"1.59776";"-101.22";"17417.18";"OOS1";"SL";"-99.90";"79.92";"2d 17h 35m";""
"16";"GBPUSD_DukasM1_the5ers";"Buy";"2011.07.20 14:00:00";"1.61373";"0.17";"2011.07.21 15:20:00";"1.62209";"140.07";"17557.24";"OOS1";"PT";"-41.31";"142.12";"1d 1h 20m";""
"17";"GBPUSD_DukasM1_the5ers";"Buy";"2011.07.21 16:00:00";"1.62432";"0.17";"2011.07.21 23:49:00";"1.63263";"140.02";"17697.26";"OOS1";"PT";"-14.11";"141.27";"7h 49m";""
"18";"GBPUSD_DukasM1_the5ers";"Buy";"2011.07.28 12:00:00";"1.63429";"0.21";"2011.07.28 13:15:00";"1.62970";"-97.44";"17599.82";"OOS1";"SL";"-96.39";"40.11";"1h 15m";""
"19";"GBPUSD_DukasM1_the5ers";"Buy";"2011.07.29 16:00:00";"1.63569";"0.18";"2011.07.29 18:08:00";"1.64373";"143.82";"17743.64";"OOS1";"PT";"-5.04";"144.72";"2h 8m";""
"20";"GBPUSD_DukasM1_the5ers";"Buy";"2011.08.17 15:00:00";"1.65291";"0.14";"2011.08.18 17:06:00";"1.64611";"-96.89";"17646.75";"OOS1";"SL";"-95.20";"86.66";"1d 2h 6m";""
"21";"GBPUSD_DukasM1_the5ers";"Buy";"2011.08.22 15:00:00";"1.65119";"0.16";"2011.08.22 17:58:00";"1.64521";"-96.48";"17550.27";"OOS1";"SL";"-95.68";"0.48";"2h 58m";""
"22";"GBPUSD_DukasM1_the5ers";"Buy";"2011.08.24 13:00:00";"1.65219";"0.2";"2011.08.24 14:35:00";"1.64721";"-100.60";"17449.67";"OOS1";"SL";"-99.60";"20.00";"1h 35m";""
"23";"GBPUSD_DukasM1_the5ers";"Buy";"2011.09.08 14:00:00";"1.59667";"0.17";"2011.09.08 14:16:00";"1.60504";"141.44";"17591.11";"OOS1";"PT";"-0.51";"142.29";"16m 0s";""
"24";"GBPUSD_DukasM1_the5ers";"Buy";"2011.09.27 15:00:00";"1.56246";"0.15";"2011.09.29 02:55:00";"1.55589";"-100.72";"17490.39";"OOS1";"SL";"-98.55";"120.75";"1d 11h 55m";""
"25";"GBPUSD_DukasM1_the5ers";"Buy";"2011.10.06 11:00:00";"1.54830";"0.16";"2011.10.06 13:00:00";"1.54209";"-100.16";"17390.23";"OOS1";"SL";"-99.36";"22.08";"2h 0m";""
"26";"GBPUSD_DukasM1_the5ers";"Buy";"2011.10.20 12:00:00";"1.57827";"0.15";"2011.10.20 16:26:00";"1.57192";"-96.00";"17294.23";"OOS1";"SL";"-95.25";"30.60";"4h 26m";""
"27";"GBPUSD_DukasM1_the5ers";"Buy";"2011.10.28 17:00:00";"1.61440";"0.17";"2011.10.31 04:09:00";"1.60852";"-101.21";"17193.02";"OOS1";"SL";"-99.96";"13.09";"2d 11h 9m";""
"28";"GBPUSD_DukasM1_the5ers";"Buy";"2011.11.04 20:00:00";"1.60518";"0.13";"2011.11.09 12:43:00";"1.59791";"-96.08";"17096.94";"OOS1";"SL";"-94.51";"100.75";"4d 16h 43m";""
"29";"GBPUSD_DukasM1_the5ers";"Buy";"2011.11.28 01:00:00";"1.54939";"0.17";"2011.11.28 12:21:00";"1.55758";"138.38";"17235.32";"OOS1";"PT";"-59.50";"139.23";"11h 21m";""
"30";"GBPUSD_DukasM1_the5ers";"Buy";"2011.11.29 11:00:00";"1.55424";"0.18";"2011.11.29 12:16:00";"1.56211";"140.76";"17376.08";"OOS1";"PT";"-8.82";"141.66";"1h 16m";""
"31";"GBPUSD_DukasM1_the5ers";"Buy";"2011.12.02 15:00:00";"1.57084";"0.18";"2011.12.02 16:45:00";"1.56555";"-96.12";"17279.96";"OOS1";"SL";"-95.22";"30.42";"1h 45m";""
"32";"GBPUSD_DukasM1_the5ers";"Buy";"2011.12.06 13:00:00";"1.56597";"0.19";"2011.12.06 15:30:00";"1.56077";"-99.75";"17180.21";"OOS1";"SL";"-98.80";"1.14";"2h 30m";""
"33";"GBPUSD_DukasM1_the5ers";"Buy";"2011.12.09 12:00:00";"1.56449";"0.18";"2011.12.09 13:16:00";"1.57235";"140.58";"17320.79";"OOS1";"PT";"-28.80";"141.48";"1h 16m";""
"34";"GBPUSD_DukasM1_the5ers";"Buy";"2011.12.19 16:00:00";"1.55420";"0.19";"2011.12.20 11:54:00";"1.56177";"142.43";"17463.22";"OOS1";"PT";"-94.05";"143.83";"19h 54m";""
"35";"GBPUSD_DukasM1_the5ers";"Buy";"2012.01.09 23:00:00";"1.54650";"0.21";"2012.01.11 13:20:00";"1.54176";"-101.58";"17361.64";"OOS1";"SL";"-99.54";"73.92";"1d 14h 20m";""
"36";"GBPUSD_DukasM1_the5ers";"Buy";"2012.01.20 16:00:00";"1.55219";"0.23";"2012.01.23 16:56:00";"1.55855";"144.59";"17506.23";"OOS1";"PT";"-24.15";"146.28";"3d 0h 56m";""
"37";"GBPUSD_DukasM1_the5ers";"Buy";"2012.01.24 15:00:00";"1.55792";"0.21";"2012.01.25 11:30:00";"1.55322";"-100.25";"17405.98";"OOS1";"SL";"-98.70";"101.85";"20h 30m";""
"38";"GBPUSD_DukasM1_the5ers";"Buy";"2012.01.27 12:00:00";"1.57163";"0.22";"2012.01.27 17:37:00";"1.56716";"-99.44";"17306.54";"OOS1";"SL";"-98.34";"28.16";"5h 37m";""
"39";"GBPUSD_DukasM1_the5ers";"Buy";"2012.02.01 12:00:00";"1.57601";"0.24";"2012.02.01 14:32:00";"1.58194";"141.12";"17447.66";"OOS1";"PT";"-38.64";"142.32";"2h 32m";""
"40";"GBPUSD_DukasM1_the5ers";"Buy";"2012.02.07 18:00:00";"1.58701";"0.2";"2012.02.08 17:34:00";"1.58207";"-100.27";"17347.39";"OOS1";"SL";"-98.80";"116.00";"23h 34m";""
"41";"GBPUSD_DukasM1_the5ers";"Buy";"2012.02.10 12:00:00";"1.58369";"0.24";"2012.02.10 14:12:00";"1.57953";"-101.04";"17246.35";"OOS1";"SL";"-99.84";"28.80";"2h 12m";""
"42";"GBPUSD_DukasM1_the5ers";"Buy";"2012.02.16 17:00:00";"1.57011";"0.22";"2012.02.16 17:35:00";"1.57655";"140.58";"17386.93";"OOS1";"PT";"-1.10";"141.68";"35m 0s";""
"43";"GBPUSD_DukasM1_the5ers";"Buy";"2012.02.28 19:00:00";"1.58856";"0.22";"2012.02.29 12:32:00";"1.59525";"145.56";"17532.49";"OOS1";"PT";"-32.12";"147.18";"17h 32m";""
"44";"GBPUSD_DukasM1_the5ers";"Buy";"2012.03.01 14:00:00";"1.59463";"0.22";"2012.03.02 13:59:00";"1.59014";"-100.40";"17432.09";"OOS1";"SL";"-98.78";"62.70";"23h 59m";""
"45";"GBPUSD_DukasM1_the5ers";"Buy";"2012.03.05 15:00:00";"1.58351";"0.23";"2012.03.06 11:29:00";"1.57927";"-99.21";"17332.88";"OOS1";"SL";"-97.52";"106.72";"20h 29m";""
"46";"GBPUSD_DukasM1_the5ers";"Buy";"2012.03.15 14:00:00";"1.56804";"0.2";"2012.03.16 14:31:00";"1.57537";"145.13";"17478.01";"OOS1";"PT";"-84.00";"146.60";"1d 0h 31m";""
"47";"GBPUSD_DukasM1_the5ers";"Buy";"2012.03.26 13:00:00";"1.58738";"0.21";"2012.03.26 15:12:00";"1.59423";"142.80";"17620.81";"OOS1";"PT";"-6.72";"143.85";"2h 12m";""
"48";"GBPUSD_DukasM1_the5ers";"Buy";"2012.04.09 20:00:00";"1.59129";"0.27";"2012.04.10 10:00:00";"1.58760";"-101.62";"17519.19";"OOS1";"SL";"-99.63";"45.63";"14h 0m";""
"49";"GBPUSD_DukasM1_the5ers";"Buy";"2012.04.16 13:00:00";"1.58511";"0.26";"2012.04.16 21:00:00";"1.59062";"141.96";"17661.15";"OOS1";"PT";"-78.26";"143.26";"8h 0m";""
"50";"GBPUSD_DukasM1_the5ers";"Buy";"2012.04.18 12:00:00";"1.59763";"0.24";"2012.04.18 18:02:00";"1.60362";"142.56";"17803.71";"OOS1";"PT";"-33.12";"143.76";"6h 2m";""
"51";"GBPUSD_DukasM1_the5ers";"Buy";"2012.04.20 12:00:00";"1.60987";"0.27";"2012.04.24 10:27:00";"1.61528";"143.45";"17947.16";"OOS1";"PT";"-61.29";"146.07";"3d 22h 27m";""
"52";"GBPUSD_DukasM1_the5ers";"Buy";"2012.04.27 13:00:00";"1.62150";"0.25";"2012.04.27 20:13:00";"1.62717";"140.50";"18087.66";"OOS1";"PT";"-5.75";"141.75";"7h 13m";""
"53";"GBPUSD_DukasM1_the5ers";"Buy";"2012.05.10 15:00:00";"1.61651";"0.24";"2012.05.11 04:32:00";"1.61240";"-100.41";"17987.25";"OOS1";"SL";"-98.64";"40.08";"13h 32m";""
"54";"GBPUSD_DukasM1_the5ers";"Buy";"2012.05.21 23:00:00";"1.58383";"0.22";"2012.05.22 11:51:00";"1.57935";"-100.18";"17887.07";"OOS1";"SL";"-98.56";"20.68";"12h 51m";""
"55";"GBPUSD_DukasM1_the5ers";"Buy";"2012.06.01 17:00:00";"1.53975";"0.15";"2012.06.05 11:21:00";"1.53309";"-101.36";"17785.71";"OOS1";"SL";"-99.90";"57.00";"3d 18h 21m";""
"56";"GBPUSD_DukasM1_the5ers";"Buy";"2012.06.15 16:00:00";"1.55755";"0.19";"2012.06.15 18:15:00";"1.56528";"145.92";"17931.63";"OOS1";"PT";"-20.90";"146.87";"2h 15m";""
"57";"GBPUSD_DukasM1_the5ers";"Buy";"2012.06.20 15:00:00";"1.57741";"0.2";"2012.06.20 17:54:00";"1.57254";"-98.40";"17833.23";"OOS1";"SL";"-97.40";"1.80";"2h 54m";""
"58";"GBPUSD_DukasM1_the5ers";"Buy";"2012.07.10 12:00:00";"1.55373";"0.29";"2012.07.10 15:21:00";"1.55028";"-101.50";"17731.73";"OOS1";"SL";"-100.05";"32.77";"3h 21m";""
"59";"GBPUSD_DukasM1_the5ers";"Buy";"2012.07.16 17:00:00";"1.56083";"0.21";"2012.07.17 04:30:00";"1.56759";"140.41";"17872.15";"OOS1";"PT";"-38.43";"141.96";"11h 30m";""
"60";"GBPUSD_DukasM1_the5ers";"Buy";"2012.08.08 14:00:00";"1.56520";"0.21";"2012.08.09 16:32:00";"1.56064";"-98.30";"17773.85";"OOS1";"SL";"-95.76";"69.93";"1d 2h 32m";""
"61";"GBPUSD_DukasM1_the5ers";"Buy";"2012.08.10 18:00:00";"1.56918";"0.23";"2012.08.16 09:08:00";"1.56486";"-103.77";"17670.08";"OOS1";"SL";"-99.36";"83.72";"5d 15h 8m";""
"62";"GBPUSD_DukasM1_the5ers";"Buy";"2012.08.16 12:00:00";"1.57026";"0.31";"2012.08.21 10:30:00";"1.57495";"141.65";"17811.73";"OOS1";"PT";"-89.28";"145.39";"4d 22h 30m";""
"63";"GBPUSD_DukasM1_the5ers";"Buy";"2012.08.31 12:00:00";"1.58209";"0.33";"2012.08.31 15:21:00";"1.58644";"141.90";"17953.63";"OOS1";"PT";"-46.20";"143.55";"3h 21m";""
"64";"GBPUSD_DukasM1_the5ers";"Buy";"2012.09.05 13:00:00";"1.58819";"0.32";"2012.09.05 15:03:00";"1.59274";"144.00";"18097.63";"OOS1";"PT";"-20.48";"145.60";"2h 3m";""
"65";"GBPUSD_DukasM1_the5ers";"Buy";"2012.09.06 18:00:00";"1.59319";"0.29";"2012.09.07 11:27:00";"1.59818";"142.58";"18240.21";"OOS1";"PT";"-33.64";"144.71";"17h 27m";""
"66";"GBPUSD_DukasM1_the5ers";"Buy";"2012.09.07 16:00:00";"1.59870";"0.26";"2012.09.11 16:06:00";"1.60420";"140.47";"18380.68";"OOS1";"PT";"-74.62";"143.00";"4d 0h 6m";""
"67";"GBPUSD_DukasM1_the5ers";"Buy";"2012.09.13 19:00:00";"1.61239";"0.33";"2012.09.13 19:20:00";"1.60935";"-101.97";"18278.71";"OOS1";"SL";"-100.32";"0.00";"20m 0s";""
"68";"GBPUSD_DukasM1_the5ers";"Buy";"2012.09.26 13:00:00";"1.61908";"0.25";"2012.09.26 14:27:00";"1.61522";"-97.75";"18180.96";"OOS1";"SL";"-96.50";"4.75";"1h 27m";""
"69";"GBPUSD_DukasM1_the5ers";"Buy";"2012.10.11 06:00:00";"1.60201";"0.31";"2012.10.12 09:55:00";"1.60664";"141.25";"18322.21";"OOS1";"PT";"-71.30";"143.53";"1d 3h 55m";""
"70";"GBPUSD_DukasM1_the5ers";"Buy";"2012.10.17 13:00:00";"1.61618";"0.28";"2012.10.18 02:29:00";"1.61272";"-100.26";"18221.94";"OOS1";"SL";"-96.88";"44.80";"13h 29m";""
"71";"GBPUSD_DukasM1_the5ers";"Buy";"2012.11.07 06:00:00";"1.60119";"0.33";"2012.11.07 14:21:00";"1.59823";"-99.33";"18122.61";"OOS1";"SL";"-97.68";"98.67";"8h 21m";""
"72";"GBPUSD_DukasM1_the5ers";"Buy";"2012.11.08 15:00:00";"1.59939";"0.26";"2012.11.09 12:40:00";"1.59561";"-100.19";"18022.42";"OOS1";"SL";"-98.28";"64.74";"21h 40m";""
"73";"GBPUSD_DukasM1_the5ers";"Buy";"2012.11.14 05:00:00";"1.58876";"0.37";"2012.11.14 12:50:00";"1.58605";"-102.12";"17920.30";"OOS1";"SL";"-100.27";"48.84";"7h 50m";""
"74";"GBPUSD_DukasM1_the5ers";"Buy";"2012.11.21 14:00:00";"1.59328";"0.31";"2012.11.23 16:52:00";"1.59791";"139.05";"18059.35";"OOS1";"PT";"-44.95";"143.53";"2d 2h 52m";""
"75";"GBPUSD_DukasM1_the5ers";"Buy";"2012.11.23 17:00:00";"1.59816";"0.32";"2012.11.23 18:19:00";"1.60275";"145.28";"18204.63";"OOS1";"PT";"-15.36";"146.88";"1h 19m";""
"76";"GBPUSD_DukasM1_the5ers";"Buy";"2012.11.27 04:00:00";"1.60356";"0.34";"2012.11.28 05:53:00";"1.60068";"-100.42";"18104.21";"OOS1";"SL";"-97.92";"68.68";"1d 1h 53m";""
"77";"GBPUSD_DukasM1_the5ers";"Buy";"2012.12.14 20:00:00";"1.61730";"0.28";"2012.12.18 11:38:00";"1.62244";"141.20";"18245.41";"OOS1";"PT";"-56.56";"143.92";"3d 15h 38m";""
"78";"GBPUSD_DukasM1_the5ers";"Buy";"2012.12.28 15:00:00";"1.61333";"0.26";"2012.12.31 15:56:00";"1.61884";"141.35";"18386.76";"OOS1";"PT";"-19.76";"143.26";"3d 0h 56m";""
"79";"GBPUSD_DukasM1_the5ers";"Buy";"2013.01.07 13:00:00";"1.60590";"0.25";"2013.01.08 00:45:00";"1.61176";"144.66";"18531.42";"OOS1";"PT";"-16.25";"146.50";"11h 45m";""
"80";"GBPUSD_DukasM1_the5ers";"Buy";"2013.01.22 14:00:00";"1.58663";"0.27";"2013.01.22 22:12:00";"1.58293";"-101.25";"18430.17";"OOS1";"SL";"-99.90";"45.36";"8h 12m";""
"1";"GBPUSD_DukasM1_the5ers";"Buy";"2013.01.23 12:00:00";"1.58732";"0.25";"2013.01.23 17:45:00";"1.58344";"-98.25";"18331.92";"OOS1";"SL";"-97.00";"46.50";"5h 45m";""
"2";"GBPUSD_DukasM1_the5ers";"Buy";"2013.02.06 13:00:00";"1.56751";"0.25";"2013.02.07 12:08:00";"1.57371";"151.98";"18483.90";"OOS1";"PT";"-83.25";"155.00";"23h 8m";""
"3";"GBPUSD_DukasM1_the5ers";"Buy";"2013.02.27 13:00:00";"1.51367";"0.17";"2013.03.01 11:40:00";"1.50789";"-100.71";"18383.18";"OOS1";"SL";"-98.26";"143.48";"1d 22h 40m";""
"4";"GBPUSD_DukasM1_the5ers";"Buy";"2013.03.20 12:00:00";"1.51310";"0.18";"2013.03.20 14:35:00";"1.50765";"-99.00";"18284.18";"OOS1";"SL";"-98.10";"48.78";"2h 35m";""
"5";"GBPUSD_DukasM1_the5ers";"Buy";"2013.04.01 18:00:00";"1.52347";"0.32";"2013.04.02 12:10:00";"1.52035";"-102.20";"18181.99";"OOS1";"SL";"-99.84";"75.52";"18h 10m";""
"6";"GBPUSD_DukasM1_the5ers";"Buy";"2013.04.09 12:00:00";"1.53060";"0.25";"2013.04.11 11:19:00";"1.53670";"148.89";"18330.88";"OOS1";"PT";"-63.50";"152.50";"1d 23h 19m";""
"7";"GBPUSD_DukasM1_the5ers";"Buy";"2013.04.22 12:00:00";"1.52424";"0.25";"2013.04.23 11:30:00";"1.52026";"-101.34";"18229.54";"OOS1";"SL";"-99.50";"137.25";"23h 30m";""
"8";"GBPUSD_DukasM1_the5ers";"Buy";"2013.04.30 13:00:00";"1.55125";"0.29";"2013.04.30 14:08:00";"1.54782";"-100.92";"18128.62";"OOS1";"SL";"-99.47";"10.15";"1h 8m";""
"9";"GBPUSD_DukasM1_the5ers";"Buy";"2013.05.03 12:00:00";"1.55516";"0.28";"2013.05.03 15:30:00";"1.55168";"-98.84";"18029.78";"OOS1";"SL";"-97.44";"54.04";"3h 30m";""
"10";"GBPUSD_DukasM1_the5ers";"Buy";"2013.05.16 15:00:00";"1.52399";"0.21";"2013.05.16 18:05:00";"1.53140";"154.56";"18184.34";"OOS1";"PT";"-7.98";"155.61";"3h 5m";""
"11";"GBPUSD_DukasM1_the5ers";"Buy";"2013.06.05 08:00:00";"1.53282";"0.25";"2013.06.05 15:18:00";"1.53912";"156.25";"18340.59";"OOS1";"PT";"-56.75";"157.50";"7h 18m";""
"12";"GBPUSD_DukasM1_the5ers";"Buy";"2013.06.11 17:00:00";"1.55947";"0.19";"2013.06.12 11:30:00";"1.56752";"151.55";"18492.14";"OOS1";"PT";"-48.83";"152.95";"18h 30m";""
"13";"GBPUSD_DukasM1_the5ers";"Buy";"2013.06.20 12:00:00";"1.54825";"0.16";"2013.06.21 15:59:00";"1.54225";"-97.18";"18394.96";"OOS1";"SL";"-96.00";"76.00";"1d 3h 59m";""
"14";"GBPUSD_DukasM1_the5ers";"Buy";"2013.06.24 16:00:00";"1.54143";"0.18";"2013.06.26 12:01:00";"1.53610";"-97.69";"18297.27";"OOS1";"SL";"-95.94";"113.22";"1d 20h 1m";""
"15";"GBPUSD_DukasM1_the5ers";"Buy";"2013.07.17 12:00:00";"1.52008";"0.16";"2013.07.22 12:34:00";"1.52977";"152.35";"18449.62";"OOS1";"PT";"-75.84";"155.04";"5d 0h 34m";""
"16";"GBPUSD_DukasM1_the5ers";"Buy";"2013.07.22 13:00:00";"1.53231";"0.25";"2013.07.23 20:35:00";"1.53863";"156.16";"18605.78";"OOS1";"PT";"-4.50";"158.00";"1d 7h 35m";""
"17";"GBPUSD_DukasM1_the5ers";"Buy";"2013.08.01 12:00:00";"1.52022";"0.2";"2013.08.01 17:00:00";"1.51527";"-100.00";"18505.78";"OOS1";"SL";"-99.00";"80.60";"5h 0m";""
"18";"GBPUSD_DukasM1_the5ers";"Buy";"2013.08.02 12:00:00";"1.51515";"0.19";"2013.08.02 15:30:00";"1.52314";"150.86";"18656.64";"OOS1";"PT";"-15.96";"151.81";"3h 30m";""
"19";"GBPUSD_DukasM1_the5ers";"Buy";"2013.08.07 14:00:00";"1.54475";"0.15";"2013.08.08 17:12:00";"1.55473";"147.89";"18804.53";"OOS1";"PT";"-27.15";"149.70";"1d 3h 12m";""
"20";"GBPUSD_DukasM1_the5ers";"Buy";"2013.08.28 16:00:00";"1.55366";"0.22";"2013.08.29 15:31:00";"1.54912";"-102.54";"18701.99";"OOS1";"SL";"-99.88";"34.54";"23h 31m";""
"21";"GBPUSD_DukasM1_the5ers";"Buy";"2013.09.03 23:00:00";"1.55709";"0.28";"2013.09.04 12:58:00";"1.56262";"152.78";"18854.77";"OOS1";"PT";"-49.28";"154.84";"13h 58m";""
"22";"GBPUSD_DukasM1_the5ers";"Buy";"2013.09.05 15:00:00";"1.56468";"0.28";"2013.09.05 16:07:00";"1.56119";"-99.12";"18755.65";"OOS1";"SL";"-97.72";"55.72";"1h 7m";""
"23";"GBPUSD_DukasM1_the5ers";"Buy";"2013.09.06 16:00:00";"1.56266";"0.22";"2013.09.09 15:34:00";"1.56982";"155.90";"18911.55";"OOS1";"PT";"-29.92";"157.52";"2d 23h 34m";""
"24";"GBPUSD_DukasM1_the5ers";"Buy";"2013.10.08 15:00:00";"1.61074";"0.26";"2013.10.09 05:54:00";"1.60691";"-101.49";"18810.06";"OOS1";"SL";"-99.58";"43.94";"14h 54m";""
"25";"GBPUSD_DukasM1_the5ers";"Buy";"2013.10.14 16:00:00";"1.60053";"0.33";"2013.10.15 01:45:00";"1.59751";"-102.09";"18707.97";"OOS1";"SL";"-99.66";"41.91";"9h 45m";""
"26";"GBPUSD_DukasM1_the5ers";"Buy";"2013.11.14 16:00:00";"1.60817";"0.21";"2013.11.20 12:07:00";"1.61555";"151.95";"18859.92";"OOS1";"PT";"-70.77";"154.98";"5d 20h 7m";""
"27";"GBPUSD_DukasM1_the5ers";"Buy";"2013.11.29 18:00:00";"1.63825";"0.23";"2013.12.04 11:28:00";"1.63398";"-100.99";"18758.93";"OOS1";"SL";"-98.21";"136.39";"4d 17h 28m";""
"28";"GBPUSD_DukasM1_the5ers";"Buy";"2013.12.24 14:00:00";"1.63602";"0.29";"2013.12.26 15:18:00";"1.64141";"152.12";"18911.05";"OOS1";"PT";"-72.79";"156.31";"2d 1h 18m";""
"29";"GBPUSD_DukasM1_the5ers";"Buy";"2013.12.30 18:00:00";"1.65259";"0.25";"2013.12.31 00:38:00";"1.64868";"-99.59";"18811.46";"OOS1";"SL";"-97.75";"16.25";"6h 38m";""
"30";"GBPUSD_DukasM1_the5ers";"Buy";"2013.12.31 10:00:00";"1.65269";"0.29";"2014.01.02 01:07:00";"1.65808";"152.12";"18963.58";"OOS1";"PT";"-79.46";"156.31";"1d 15h 7m";""
"31";"GBPUSD_DukasM1_the5ers";"Buy";"2014.01.07 13:00:00";"1.64206";"0.25";"2014.01.07 17:03:00";"1.63816";"-98.75";"18864.83";"OOS1";"SL";"-97.50";"43.50";"4h 3m";""
"32";"GBPUSD_DukasM1_the5ers";"Buy";"2014.01.08 07:00:00";"1.64155";"0.28";"2014.01.08 17:37:00";"1.64707";"153.16";"19017.99";"OOS1";"PT";"-44.80";"154.56";"10h 37m";""
"33";"GBPUSD_DukasM1_the5ers";"Buy";"2014.01.17 12:00:00";"1.64430";"0.19";"2014.01.22 11:30:00";"1.65239";"151.41";"19169.41";"OOS1";"PT";"-91.39";"153.71";"4d 23h 30m";""
"34";"GBPUSD_DukasM1_the5ers";"Buy";"2014.02.06 18:00:00";"1.63241";"0.23";"2014.02.07 15:31:00";"1.63916";"153.56";"19322.97";"OOS1";"PT";"-56.12";"155.25";"21h 31m";""
"35";"GBPUSD_DukasM1_the5ers";"Buy";"2014.02.12 13:00:00";"1.65361";"0.23";"2014.02.13 00:33:00";"1.66023";"149.48";"19472.45";"OOS1";"PT";"-59.57";"152.26";"11h 33m";""
"36";"GBPUSD_DukasM1_the5ers";"Buy";"2014.03.05 12:00:00";"1.66842";"0.3";"2014.03.05 17:29:00";"1.67367";"156.00";"19628.45";"OOS1";"PT";"-69.30";"157.50";"5h 29m";""
"37";"GBPUSD_DukasM1_the5ers";"Buy";"2014.03.07 14:00:00";"1.67653";"0.28";"2014.03.07 15:43:00";"1.67297";"-101.08";"19527.37";"OOS1";"SL";"-99.68";"57.12";"1h 43m";""
"38";"GBPUSD_DukasM1_the5ers";"Buy";"2014.03.14 18:00:00";"1.66291";"0.25";"2014.03.18 10:03:00";"1.65904";"-99.18";"19428.19";"OOS1";"SL";"-96.75";"91.50";"3d 16h 3m";""
"39";"GBPUSD_DukasM1_the5ers";"Buy";"2014.03.28 18:00:00";"1.66432";"0.3";"2014.04.03 11:29:00";"1.66106";"-103.55";"19324.64";"OOS1";"SL";"-97.80";"121.50";"5d 17h 29m";""
"40";"GBPUSD_DukasM1_the5ers";"Buy";"2014.04.09 22:00:00";"1.67962";"0.31";"2014.04.10 15:15:00";"1.67642";"-102.94";"19221.70";"OOS1";"SL";"-99.20";"73.78";"17h 15m";""
"41";"GBPUSD_DukasM1_the5ers";"Buy";"2014.04.15 13:00:00";"1.67229";"0.32";"2014.04.16 11:26:00";"1.67715";"153.16";"19374.86";"OOS1";"PT";"-32.00";"155.52";"22h 26m";""
"42";"GBPUSD_DukasM1_the5ers";"Buy";"2014.04.28 10:00:00";"1.68242";"0.42";"2014.04.29 11:30:00";"1.68007";"-101.79";"19273.07";"OOS1";"SL";"-98.70";"140.28";"1d 1h 30m";""
"43";"GBPUSD_DukasM1_the5ers";"Buy";"2014.04.29 18:00:00";"1.68445";"0.36";"2014.04.30 08:32:00";"1.68169";"-102.01";"19171.06";"OOS1";"SL";"-99.36";"7.56";"14h 32m";""
"44";"GBPUSD_DukasM1_the5ers";"Buy";"2014.04.30 16:00:00";"1.68482";"0.38";"2014.04.30 18:03:00";"1.68891";"153.52";"19324.58";"OOS1";"PT";"-1.52";"155.42";"2h 3m";""
"45";"GBPUSD_DukasM1_the5ers";"Buy";"2014.05.20 11:00:00";"1.68363";"0.43";"2014.05.21 11:03:00";"1.68725";"152.50";"19477.07";"OOS1";"PT";"-85.14";"155.66";"1d 0h 3m";""
"46";"GBPUSD_DukasM1_the5ers";"Buy";"2014.05.30 18:00:00";"1.67741";"0.34";"2014.06.02 05:29:00";"1.67446";"-102.80";"19374.27";"OOS1";"SL";"-100.30";"10.88";"2d 11h 29m";""
"47";"GBPUSD_DukasM1_the5ers";"Buy";"2014.06.03 11:00:00";"1.67656";"0.45";"2014.06.03 13:59:00";"1.67436";"-101.25";"19273.02";"OOS1";"SL";"-99.00";"73.80";"2h 59m";""
"48";"GBPUSD_DukasM1_the5ers";"Buy";"2014.06.04 12:00:00";"1.67316";"0.4";"2014.06.05 12:43:00";"1.67709";"152.37";"19425.39";"OOS1";"PT";"-24.80";"157.20";"1d 0h 43m";""
"49";"GBPUSD_DukasM1_the5ers";"Buy";"2014.06.09 10:00:00";"1.68310";"0.41";"2014.06.09 12:19:00";"1.68069";"-100.86";"19324.53";"OOS1";"SL";"-98.81";"0.00";"2h 19m";""
"50";"GBPUSD_DukasM1_the5ers";"Buy";"2014.06.30 15:00:00";"1.70451";"0.39";"2014.06.30 17:43:00";"1.70856";"156.00";"19480.53";"OOS1";"PT";"-29.64";"157.95";"2h 43m";""
"51";"GBPUSD_DukasM1_the5ers";"Buy";"2014.07.29 12:00:00";"1.69848";"0.56";"2014.07.29 12:20:00";"1.69671";"-101.92";"19378.61";"OOS1";"SL";"-99.12";"0.56";"20m 0s";""
"52";"GBPUSD_DukasM1_the5ers";"Buy";"2014.09.10 17:00:00";"1.61613";"0.19";"2014.09.11 11:01:00";"1.62438";"154.45";"19533.06";"OOS1";"PT";"-69.92";"156.75";"18h 1m";""
"53";"GBPUSD_DukasM1_the5ers";"Buy";"2014.10.02 06:00:00";"1.62189";"0.25";"2014.10.02 11:23:00";"1.61799";"-98.75";"19434.31";"OOS1";"SL";"-97.50";"76.75";"5h 23m";""
"54";"GBPUSD_DukasM1_the5ers";"Buy";"2014.10.08 22:00:00";"1.61591";"0.17";"2014.10.10 09:45:00";"1.61011";"-101.05";"19333.26";"OOS1";"SL";"-98.60";"114.41";"1d 11h 45m";""
"55";"GBPUSD_DukasM1_the5ers";"Buy";"2014.10.28 15:00:00";"1.61675";"0.28";"2014.10.28 20:13:00";"1.61319";"-101.08";"19232.18";"OOS1";"SL";"-99.68";"40.60";"5h 13m";""
"56";"GBPUSD_DukasM1_the5ers";"Buy";"2014.10.31 13:00:00";"1.60011";"0.26";"2014.10.31 15:02:00";"1.59633";"-99.58";"19132.60";"OOS1";"SL";"-98.28";"25.48";"2h 2m";""
"57";"GBPUSD_DukasM1_the5ers";"Buy";"2014.11.11 14:00:00";"1.58651";"0.3";"2014.11.11 20:25:00";"1.59171";"154.50";"19287.10";"OOS1";"PT";"-40.80";"156.00";"6h 25m";""
"58";"GBPUSD_DukasM1_the5ers";"Buy";"2014.11.20 14:00:00";"1.56872";"0.23";"2014.11.21 10:59:00";"1.56450";"-98.75";"19188.35";"OOS1";"SL";"-97.06";"114.08";"20h 59m";""
"59";"GBPUSD_DukasM1_the5ers";"Buy";"2014.11.25 17:00:00";"1.57017";"0.25";"2014.11.26 14:13:00";"1.57642";"154.41";"19342.76";"OOS1";"PT";"-57.25";"156.25";"21h 13m";""
"1";"GBPUSD_DukasM1_the5ers";"Buy";"2014.12.03 13:00:00";"1.56694";"0.31";"2014.12.03 17:33:00";"1.57025";"101.06";"19443.82";"OOS1";"PT";"-45.88";"102.61";"4h 33m";""
"2";"GBPUSD_DukasM1_the5ers";"Buy";"2014.12.04 19:00:00";"1.57053";"0.22";"2014.12.05 02:29:00";"1.56608";"-99.52";"19344.30";"OOS1";"SL";"-97.90";"5.94";"7h 29m";""
"3";"GBPUSD_DukasM1_the5ers";"Buy";"2014.12.05 12:00:00";"1.56731";"0.27";"2014.12.05 15:30:00";"1.56360";"-101.52";"19242.78";"OOS1";"SL";"-100.17";"58.86";"3h 30m";""
"4";"GBPUSD_DukasM1_the5ers";"Buy";"2014.12.08 12:00:00";"1.55839";"0.29";"2014.12.08 13:31:00";"1.56197";"102.37";"19345.15";"OOS1";"PT";"-28.71";"103.82";"1h 31m";""
"5";"GBPUSD_DukasM1_the5ers";"Buy";"2014.12.10 20:00:00";"1.57083";"0.25";"2014.12.11 01:59:00";"1.57498";"100.73";"19445.88";"OOS1";"PT";"-38.25";"103.75";"5h 59m";""
"6";"GBPUSD_DukasM1_the5ers";"Buy";"2014.12.15 09:00:00";"1.57417";"0.3";"2014.12.15 11:29:00";"1.57090";"-99.60";"19346.28";"OOS1";"SL";"-98.10";"13.20";"2h 29m";""
"7";"GBPUSD_DukasM1_the5ers";"Buy";"2014.12.18 12:00:00";"1.56210";"0.19";"2014.12.18 18:38:00";"1.56758";"103.17";"19449.45";"OOS1";"PT";"-32.68";"104.12";"6h 38m";""
"8";"GBPUSD_DukasM1_the5ers";"Buy";"2014.12.29 04:00:00";"1.55710";"0.45";"2014.12.29 12:54:00";"1.55490";"-101.25";"19348.20";"OOS1";"SL";"-99.00";"65.25";"8h 54m";""
"9";"GBPUSD_DukasM1_the5ers";"Buy";"2015.01.13 15:00:00";"1.51737";"0.24";"2015.01.14 09:51:00";"1.52167";"101.43";"19449.63";"OOS1";"PT";"-75.36";"103.20";"18h 51m";""
"10";"GBPUSD_DukasM1_the5ers";"Buy";"2015.01.22 12:00:00";"1.51599";"0.27";"2015.01.22 12:48:00";"1.51989";"103.95";"19553.58";"OOS1";"PT";"-18.90";"105.30";"48m 0s";""
"11";"GBPUSD_DukasM1_the5ers";"Buy";"2015.02.10 18:00:00";"1.52589";"0.27";"2015.02.11 12:54:00";"1.52980";"103.58";"19657.16";"OOS1";"PT";"-70.20";"105.57";"18h 54m";""
"12";"GBPUSD_DukasM1_the5ers";"Buy";"2015.02.12 13:00:00";"1.53222";"0.24";"2015.02.12 14:57:00";"1.53661";"104.16";"19761.32";"OOS1";"PT";"-6.24";"105.36";"1h 57m";""
"13";"GBPUSD_DukasM1_the5ers";"Buy";"2015.02.23 16:00:00";"1.54074";"0.26";"2015.02.23 17:58:00";"1.54471";"101.92";"19863.24";"OOS1";"PT";"-8.84";"103.22";"1h 58m";""
"14";"GBPUSD_DukasM1_the5ers";"Buy";"2015.03.26 10:00:00";"1.49277";"0.22";"2015.03.26 11:30:00";"1.49751";"103.18";"19966.42";"OOS1";"PT";"-10.78";"104.28";"1h 30m";""
"15";"GBPUSD_DukasM1_the5ers";"Buy";"2015.03.31 14:00:00";"1.47992";"0.22";"2015.03.31 17:42:00";"1.48472";"104.50";"20070.92";"OOS1";"PT";"-71.72";"105.60";"3h 42m";""
"16";"GBPUSD_DukasM1_the5ers";"Buy";"2015.04.14 16:00:00";"1.47297";"0.19";"2015.04.14 16:02:00";"1.47827";"99.75";"20170.67";"OOS1";"PT";"-0.95";"100.70";"2m 0s";""
"17";"GBPUSD_DukasM1_the5ers";"Buy";"2015.04.15 17:00:00";"1.47804";"0.2";"2015.04.15 20:23:00";"1.48314";"101.00";"20271.67";"OOS1";"PT";"-71.20";"102.00";"3h 23m";""
"18";"GBPUSD_DukasM1_the5ers";"Buy";"2015.04.27 18:00:00";"1.52098";"0.22";"2015.04.27 19:25:00";"1.52562";"100.98";"20372.65";"OOS1";"PT";"-1.76";"102.08";"1h 25m";""
"19";"GBPUSD_DukasM1_the5ers";"Buy";"2015.05.06 17:00:00";"1.52594";"0.18";"2015.05.07 09:50:00";"1.52062";"-97.93";"20274.72";"OOS1";"SL";"-95.76";"57.06";"16h 50m";""
"20";"GBPUSD_DukasM1_the5ers";"Buy";"2015.05.07 22:00:00";"1.52582";"0.18";"2015.05.08 00:00:00";"1.53157";"102.18";"20376.89";"OOS1";"PT";"-38.34";"103.50";"2h 0m";""
"21";"GBPUSD_DukasM1_the5ers";"Buy";"2015.05.15 18:00:00";"1.57893";"0.23";"2015.05.15 20:21:00";"1.57465";"-99.59";"20277.30";"OOS1";"SL";"-98.44";"15.87";"2h 21m";""
"22";"GBPUSD_DukasM1_the5ers";"Buy";"2015.06.09 19:00:00";"1.53819";"0.17";"2015.06.10 10:26:00";"1.54413";"99.73";"20377.03";"OOS1";"PT";"-36.89";"100.98";"15h 26m";""
"23";"GBPUSD_DukasM1_the5ers";"Buy";"2015.06.12 18:00:00";"1.55675";"0.2";"2015.06.15 12:03:00";"1.55182";"-100.07";"20276.96";"OOS1";"SL";"-98.60";"60.80";"2d 18h 3m";""
"24";"GBPUSD_DukasM1_the5ers";"Buy";"2015.06.16 17:00:00";"1.56356";"0.22";"2015.06.17 11:29:00";"1.56824";"101.34";"20378.30";"OOS1";"PT";"-59.84";"102.96";"18h 29m";""
"25";"GBPUSD_DukasM1_the5ers";"Buy";"2015.06.18 13:00:00";"1.59183";"0.2";"2015.06.18 19:33:00";"1.58686";"-100.40";"20277.90";"OOS1";"SL";"-99.40";"22.20";"6h 33m";""
"26";"GBPUSD_DukasM1_the5ers";"Buy";"2015.06.19 17:00:00";"1.58849";"0.26";"2015.06.22 13:08:00";"1.58468";"-100.97";"20176.93";"OOS1";"SL";"-99.06";"64.22";"2d 20h 8m";""
"27";"GBPUSD_DukasM1_the5ers";"Buy";"2015.06.30 16:00:00";"1.57577";"0.21";"2015.06.30 18:01:00";"1.57110";"-99.12";"20077.81";"OOS1";"SL";"-98.07";"37.17";"2h 1m";""
"28";"GBPUSD_DukasM1_the5ers";"Buy";"2015.07.14 13:00:00";"1.55825";"0.21";"2015.07.14 15:30:00";"1.56311";"101.01";"20178.82";"OOS1";"PT";"-34.02";"102.06";"2h 30m";""
"29";"GBPUSD_DukasM1_the5ers";"Buy";"2015.07.27 17:00:00";"1.55466";"0.28";"2015.07.27 17:20:00";"1.55842";"103.88";"20282.70";"OOS1";"PT";"-0.84";"105.28";"20m 0s";""
"30";"GBPUSD_DukasM1_the5ers";"Buy";"2015.07.31 16:00:00";"1.56566";"0.23";"2015.07.31 17:21:00";"1.56148";"-97.29";"20185.41";"OOS1";"SL";"-96.14";"42.78";"1h 21m";""
"31";"GBPUSD_DukasM1_the5ers";"Buy";"2015.08.10 16:00:00";"1.55107";"0.29";"2015.08.10 17:57:00";"1.55467";"102.95";"20288.36";"OOS1";"PT";"-51.33";"104.40";"1h 57m";""
"32";"GBPUSD_DukasM1_the5ers";"Buy";"2015.08.14 14:00:00";"1.56300";"0.33";"2015.08.14 18:02:00";"1.56000";"-100.65";"20187.71";"OOS1";"SL";"-99.00";"98.01";"4h 2m";""
"33";"GBPUSD_DukasM1_the5ers";"Buy";"2015.08.18 12:00:00";"1.56701";"0.29";"2015.08.18 13:03:00";"1.57060";"102.66";"20290.37";"OOS1";"PT";"-23.20";"104.11";"1h 3m";""
"34";"GBPUSD_DukasM1_the5ers";"Buy";"2015.08.24 12:00:00";"1.57119";"0.23";"2015.08.24 15:24:00";"1.57567";"101.89";"20392.26";"OOS1";"PT";"-29.90";"103.04";"3h 24m";""
"35";"GBPUSD_DukasM1_the5ers";"Buy";"2015.09.10 12:00:00";"1.53881";"0.34";"2015.09.10 14:00:00";"1.54192";"104.04";"20496.30";"OOS1";"PT";"-64.26";"105.74";"2h 0m";""
"36";"GBPUSD_DukasM1_the5ers";"Buy";"2015.09.30 12:00:00";"1.51785";"0.3";"2015.09.30 13:43:00";"1.52134";"103.20";"20599.50";"OOS1";"PT";"-30.60";"104.70";"1h 43m";""
"37";"GBPUSD_DukasM1_the5ers";"Buy";"2015.10.01 12:00:00";"1.51503";"0.33";"2015.10.02 15:30:00";"1.51819";"101.85";"20701.35";"OOS1";"PT";"-93.06";"104.28";"1d 3h 30m";""
"38";"GBPUSD_DukasM1_the5ers";"Buy";"2015.10.08 13:00:00";"1.53487";"0.36";"2015.10.08 14:08:00";"1.53210";"-101.52";"20599.83";"OOS1";"SL";"-99.72";"83.52";"1h 8m";""
"39";"GBPUSD_DukasM1_the5ers";"Buy";"2015.10.13 10:00:00";"1.53771";"0.32";"2015.10.13 11:10:00";"1.53461";"-100.80";"20499.03";"OOS1";"SL";"-99.20";"32.32";"1h 10m";""
"40";"GBPUSD_DukasM1_the5ers";"Buy";"2015.10.21 13:00:00";"1.54486";"0.43";"2015.10.21 18:12:00";"1.54728";"101.91";"20600.94";"OOS1";"PT";"-65.36";"104.06";"5h 12m";""
"41";"GBPUSD_DukasM1_the5ers";"Buy";"2015.11.11 16:00:00";"1.51922";"0.29";"2015.11.12 01:12:00";"1.52276";"99.16";"20700.10";"OOS1";"PT";"-37.12";"102.66";"9h 12m";""
"42";"GBPUSD_DukasM1_the5ers";"Buy";"2015.11.12 17:00:00";"1.52280";"0.3";"2015.11.12 17:58:00";"1.51948";"-101.10";"20599.00";"OOS1";"SL";"-99.60";"40.50";"58m 0s";""
"43";"GBPUSD_DukasM1_the5ers";"Buy";"2015.11.17 12:00:00";"1.52116";"0.36";"2015.11.18 11:05:00";"1.52405";"101.39";"20700.39";"OOS1";"PT";"-85.68";"104.04";"23h 5m";""
"44";"GBPUSD_DukasM1_the5ers";"Buy";"2015.11.19 18:00:00";"1.52950";"0.31";"2015.11.19 18:26:00";"1.53289";"103.54";"20803.93";"OOS1";"PT";"-6.51";"105.09";"26m 0s";""
"45";"GBPUSD_DukasM1_the5ers";"Buy";"2015.11.25 16:00:00";"1.51164";"0.3";"2015.11.25 17:00:00";"1.50831";"-101.40";"20702.53";"OOS1";"SL";"-99.90";"22.80";"1h 0m";""
"46";"GBPUSD_DukasM1_the5ers";"Buy";"2015.12.24 14:00:00";"1.49197";"0.3";"2015.12.28 17:46:00";"1.48873";"-100.12";"20602.41";"OOS1";"SL";"-97.20";"75.60";"4d 3h 46m";""
"47";"GBPUSD_DukasM1_the5ers";"Buy";"2016.01.06 14:00:00";"1.46630";"0.32";"2016.01.06 15:12:00";"1.46319";"-101.12";"20501.29";"OOS1";"SL";"-99.52";"0.00";"1h 12m";""
"48";"GBPUSD_DukasM1_the5ers";"Buy";"2016.01.13 19:00:00";"1.44681";"0.22";"2016.01.13 23:23:00";"1.44240";"-99.68";"20401.61";"OOS1";"SL";"-97.02";"0.00";"4h 23m";""
"49";"GBPUSD_DukasM1_the5ers";"Buy";"2016.01.21 19:00:00";"1.41967";"0.18";"2016.01.22 10:28:00";"1.42525";"99.12";"20500.73";"OOS1";"PT";"-2.16";"100.44";"15h 28m";""
"50";"GBPUSD_DukasM1_the5ers";"Buy";"2016.02.09 18:00:00";"1.44831";"0.17";"2016.02.10 14:11:00";"1.45441";"102.45";"20603.18";"OOS1";"PT";"-73.44";"103.70";"20h 11m";""
"51";"GBPUSD_DukasM1_the5ers";"Buy";"2016.02.17 12:00:00";"1.43108";"0.21";"2016.02.17 16:17:00";"1.42639";"-99.54";"20503.64";"OOS1";"SL";"-98.49";"58.59";"4h 17m";""
"52";"GBPUSD_DukasM1_the5ers";"Buy";"2016.02.19 19:00:00";"1.43409";"0.18";"2016.02.19 23:58:00";"1.43977";"100.92";"20604.55";"OOS1";"PT";"-31.68";"102.24";"4h 58m";""
"53";"GBPUSD_DukasM1_the5ers";"Buy";"2016.03.02 10:00:00";"1.39804";"0.24";"2016.03.02 11:02:00";"1.39396";"-99.12";"20505.43";"OOS1";"SL";"-97.92";"16.08";"1h 2m";""
"54";"GBPUSD_DukasM1_the5ers";"Buy";"2016.03.03 17:00:00";"1.41294";"0.2";"2016.03.03 18:28:00";"1.41802";"100.60";"20606.03";"OOS1";"PT";"-23.40";"101.60";"1h 28m";""
"55";"GBPUSD_DukasM1_the5ers";"Buy";"2016.03.04 17:00:00";"1.42162";"0.2";"2016.03.07 10:11:00";"1.41669";"-100.07";"20505.96";"OOS1";"SL";"-98.60";"64.40";"2d 17h 11m";""
"56";"GBPUSD_DukasM1_the5ers";"Buy";"2016.03.09 12:00:00";"1.42292";"0.28";"2016.03.09 15:44:00";"1.41942";"-99.40";"20406.56";"OOS1";"SL";"-98.00";"32.20";"3h 44m";""
"57";"GBPUSD_DukasM1_the5ers";"Buy";"2016.03.10 18:00:00";"1.43058";"0.17";"2016.03.11 17:09:00";"1.43652";"99.73";"20506.29";"OOS1";"PT";"-87.55";"100.98";"23h 9m";""
"58";"GBPUSD_DukasM1_the5ers";"Buy";"2016.03.17 13:00:00";"1.43460";"0.17";"2016.03.17 14:13:00";"1.44056";"100.47";"20606.76";"OOS1";"PT";"-16.83";"101.32";"1h 13m";""
"59";"GBPUSD_DukasM1_the5ers";"Buy";"2016.03.24 13:00:00";"1.41377";"0.26";"2016.03.24 19:47:00";"1.41780";"103.48";"20710.24";"OOS1";"PT";"-88.40";"104.78";"6h 47m";""
"60";"GBPUSD_DukasM1_the5ers";"Buy";"2016.03.25 13:00:00";"1.41540";"0.29";"2016.03.25 15:31:00";"1.41200";"-100.05";"20610.19";"OOS1";"SL";"-98.60";"8.12";"2h 31m";""
"61";"GBPUSD_DukasM1_the5ers";"Buy";"2016.04.14 15:00:00";"1.41432";"0.2";"2016.04.15 13:13:00";"1.41938";"99.73";"20709.92";"OOS1";"PT";"-54.20";"101.20";"22h 13m";""
"62";"GBPUSD_DukasM1_the5ers";"Buy";"2016.04.21 14:00:00";"1.43755";"0.26";"2016.04.21 15:10:00";"1.44157";"103.22";"20813.14";"OOS1";"PT";"-28.60";"104.52";"1h 10m";""
"63";"GBPUSD_DukasM1_the5ers";"Buy";"2016.04.25 15:00:00";"1.45093";"0.2";"2016.04.26 11:43:00";"1.45603";"100.53";"20913.67";"OOS1";"PT";"-93.40";"102.00";"20h 43m";""
"64";"GBPUSD_DukasM1_the5ers";"Buy";"2016.04.28 21:00:00";"1.46111";"0.2";"2016.04.29 10:22:00";"1.46633";"102.93";"21016.59";"OOS1";"PT";"-41.80";"104.40";"13h 22m";""
"65";"GBPUSD_DukasM1_the5ers";"Buy";"2016.05.12 13:00:00";"1.44572";"0.31";"2016.05.12 14:00:00";"1.44911";"103.54";"21120.13";"OOS1";"PT";"-70.37";"105.09";"1h 0m";""
"66";"GBPUSD_DukasM1_the5ers";"Buy";"2016.05.18 14:00:00";"1.44804";"0.26";"2016.05.18 14:06:00";"1.45206";"103.22";"21223.35";"OOS1";"PT";"-3.90";"104.52";"6m 0s";""
"67";"GBPUSD_DukasM1_the5ers";"Buy";"2016.06.23 01:00:00";"1.48024";"0.12";"2016.06.23 13:03:00";"1.48874";"101.40";"21324.75";"OOS1";"PT";"-87.36";"102.00";"12h 3m";""
"68";"GBPUSD_DukasM1_the5ers";"Buy";"2016.07.29 16:00:00";"1.32213";"0.19";"2016.07.29 17:04:00";"1.31709";"-96.71";"21228.04";"OOS1";"SL";"-95.76";"56.43";"1h 4m";""
"69";"GBPUSD_DukasM1_the5ers";"Buy";"2016.08.09 12:00:00";"1.30114";"0.28";"2016.08.09 12:54:00";"1.29768";"-98.28";"21129.76";"OOS1";"SL";"-96.88";"0.00";"54m 0s";""
"70";"GBPUSD_DukasM1_the5ers";"Buy";"2016.08.10 15:00:00";"1.30798";"0.26";"2016.08.10 16:41:00";"1.30414";"-101.14";"21028.62";"OOS1";"SL";"-99.84";"17.68";"1h 41m";""
"71";"GBPUSD_DukasM1_the5ers";"Buy";"2016.08.24 12:00:00";"1.32208";"0.3";"2016.08.24 16:38:00";"1.32554";"102.30";"21130.92";"OOS1";"PT";"-21.00";"103.80";"4h 38m";""
"72";"GBPUSD_DukasM1_the5ers";"Buy";"2016.08.30 15:00:00";"1.31030";"0.28";"2016.08.31 03:49:00";"1.30683";"-99.22";"21031.70";"OOS1";"SL";"-97.16";"47.32";"12h 49m";""
"73";"GBPUSD_DukasM1_the5ers";"Buy";"2016.08.31 06:00:00";"1.31122";"0.3";"2016.08.31 11:17:00";"1.31469";"102.60";"21134.30";"OOS1";"PT";"-85.50";"104.10";"5h 17m";""
"74";"GBPUSD_DukasM1_the5ers";"Buy";"2016.09.02 16:00:00";"1.33302";"0.24";"2016.09.05 11:38:00";"1.33733";"101.67";"21235.98";"OOS1";"PT";"-97.68";"103.44";"2d 19h 38m";""
"75";"GBPUSD_DukasM1_the5ers";"Buy";"2016.09.21 13:00:00";"1.29994";"0.3";"2016.09.21 17:43:00";"1.29662";"-101.10";"21134.88";"OOS1";"SL";"-99.60";"37.20";"4h 43m";""
"76";"GBPUSD_DukasM1_the5ers";"Buy";"2016.09.29 03:00:00";"1.30366";"0.29";"2016.09.29 11:35:00";"1.30027";"-99.76";"21035.12";"OOS1";"SL";"-98.31";"51.04";"8h 35m";""
"77";"GBPUSD_DukasM1_the5ers";"Buy";"2016.09.30 16:00:00";"1.29788";"0.26";"2016.09.30 18:15:00";"1.30190";"103.22";"21138.34";"OOS1";"PT";"-75.40";"104.52";"2h 15m";""
"1";"GBPUSD_DukasM1_the5ers";"Buy";"2016.10.14 14:00:00";"1.22334";"0.18";"2016.10.14 18:34:00";"1.21792";"-98.46";"21039.88";"OOS1";"SL";"-97.56";"49.32";"4h 34m";""
"2";"GBPUSD_DukasM1_the5ers";"Buy";"2016.10.31 18:00:00";"1.22131";"0.25";"2016.11.01 09:54:00";"1.22546";"101.91";"21141.79";"OOS1";"PT";"-30.50";"103.75";"15h 54m";""
"3";"GBPUSD_DukasM1_the5ers";"Buy";"2016.11.10 17:00:00";"1.24811";"0.16";"2016.11.10 19:36:00";"1.25446";"100.80";"21242.59";"OOS1";"PT";"-47.36";"101.60";"2h 36m";""
"4";"GBPUSD_DukasM1_the5ers";"Buy";"2016.11.23 15:00:00";"1.24288";"0.25";"2016.11.23 15:30:00";"1.23895";"-99.50";"21143.09";"OOS1";"SL";"-98.25";"9.75";"30m 0s";""
"5";"GBPUSD_DukasM1_the5ers";"Buy";"2016.12.02 17:00:00";"1.26497";"0.21";"2016.12.02 20:46:00";"1.26978";"99.96";"21243.05";"OOS1";"PT";"-22.47";"101.01";"3h 46m";""
"6";"GBPUSD_DukasM1_the5ers";"Buy";"2016.12.06 09:00:00";"1.27536";"0.26";"2016.12.06 17:43:00";"1.27152";"-101.14";"21141.91";"OOS1";"SL";"-99.84";"54.08";"8h 43m";""
"7";"GBPUSD_DukasM1_the5ers";"Buy";"2017.01.05 18:00:00";"1.24246";"0.18";"2017.01.06 12:57:00";"1.23707";"-98.34";"21043.56";"OOS1";"SL";"-97.02";"13.32";"18h 57m";""
"8";"GBPUSD_DukasM1_the5ers";"Buy";"2017.01.13 12:00:00";"1.22075";"0.21";"2017.01.13 14:49:00";"1.21608";"-99.12";"20944.44";"OOS1";"SL";"-98.07";"52.92";"2h 49m";""
"9";"GBPUSD_DukasM1_the5ers";"Buy";"2017.01.24 18:00:00";"1.25127";"0.18";"2017.01.25 11:24:00";"1.25713";"104.16";"21048.60";"OOS1";"PT";"-39.42";"105.48";"17h 24m";""
"10";"GBPUSD_DukasM1_the5ers";"Buy";"2017.01.27 17:00:00";"1.25627";"0.23";"2017.01.30 10:58:00";"1.25196";"-100.82";"20947.77";"OOS1";"SL";"-99.13";"86.25";"2d 17h 58m";""
"11";"GBPUSD_DukasM1_the5ers";"Buy";"2017.02.21 18:00:00";"1.24679";"0.3";"2017.02.22 03:48:00";"1.25029";"102.79";"21050.57";"OOS1";"PT";"-39.30";"105.00";"9h 48m";""
"12";"GBPUSD_DukasM1_the5ers";"Buy";"2017.03.10 22:00:00";"1.21778";"0.31";"2017.03.13 08:44:00";"1.22117";"102.81";"21153.38";"OOS1";"PT";"-85.87";"105.09";"2d 10h 44m";""
"13";"GBPUSD_DukasM1_the5ers";"Buy";"2017.03.15 21:00:00";"1.22935";"0.24";"2017.03.16 11:01:00";"1.22526";"-101.06";"21052.31";"OOS1";"SL";"-98.16";"37.44";"14h 1m";""
"14";"GBPUSD_DukasM1_the5ers";"Buy";"2017.03.16 15:00:00";"1.23689";"0.22";"2017.03.17 09:27:00";"1.23241";"-100.18";"20952.14";"OOS1";"SL";"-98.56";"17.60";"18h 27m";""
"15";"GBPUSD_DukasM1_the5ers";"Buy";"2017.03.24 15:00:00";"1.24953";"0.35";"2017.03.27 06:20:00";"1.25251";"101.72";"21053.86";"OOS1";"PT";"-92.05";"104.30";"2d 15h 20m";""
"16";"GBPUSD_DukasM1_the5ers";"Buy";"2017.03.29 12:00:00";"1.24454";"0.27";"2017.03.29 16:12:00";"1.24086";"-100.71";"20953.15";"OOS1";"SL";"-99.36";"82.62";"4h 12m";""
"17";"GBPUSD_DukasM1_the5ers";"Buy";"2017.03.30 14:00:00";"1.24497";"0.3";"2017.03.30 16:14:00";"1.24846";"103.20";"21056.35";"OOS1";"PT";"-3.60";"104.70";"2h 14m";""
"18";"GBPUSD_DukasM1_the5ers";"Buy";"2017.04.12 23:00:00";"1.25312";"0.37";"2017.04.13 04:55:00";"1.25595";"100.24";"21156.59";"OOS1";"PT";"-10.73";"104.71";"5h 55m";""
"19";"GBPUSD_DukasM1_the5ers";"Buy";"2017.04.14 16:00:00";"1.25303";"0.49";"2017.04.17 15:03:00";"1.25519";"102.23";"21258.82";"OOS1";"PT";"-65.17";"105.84";"2d 23h 3m";""
"20";"GBPUSD_DukasM1_the5ers";"Buy";"2017.04.18 14:00:00";"1.26524";"0.27";"2017.04.18 15:37:00";"1.26911";"103.14";"21361.96";"OOS1";"PT";"-1.89";"104.49";"1h 37m";""
"21";"GBPUSD_DukasM1_the5ers";"Buy";"2017.04.24 12:00:00";"1.28247";"0.29";"2017.04.24 15:08:00";"1.27911";"-98.89";"21263.07";"OOS1";"SL";"-97.44";"24.65";"3h 8m";""
"22";"GBPUSD_DukasM1_the5ers";"Buy";"2017.04.26 18:00:00";"1.28572";"0.34";"2017.04.26 18:44:00";"1.28285";"-99.28";"21163.79";"OOS1";"SL";"-97.58";"0.00";"44m 0s";""
"23";"GBPUSD_DukasM1_the5ers";"Buy";"2017.05.01 13:00:00";"1.29333";"0.35";"2017.05.01 19:16:00";"1.29052";"-100.10";"21063.69";"OOS1";"SL";"-98.35";"10.50";"6h 16m";""
"24";"GBPUSD_DukasM1_the5ers";"Buy";"2017.05.02 13:00:00";"1.29059";"0.34";"2017.05.02 23:00:00";"1.29361";"100.98";"21164.67";"OOS1";"PT";"-12.58";"102.68";"10h 0m";""
"25";"GBPUSD_DukasM1_the5ers";"Buy";"2017.05.04 12:00:00";"1.28904";"0.34";"2017.05.04 17:36:00";"1.29215";"104.04";"21268.71";"OOS1";"PT";"-37.74";"105.74";"5h 36m";""
"26";"GBPUSD_DukasM1_the5ers";"Buy";"2017.05.19 11:00:00";"1.29836";"0.27";"2017.05.19 15:50:00";"1.30214";"100.71";"21369.42";"OOS1";"PT";"-19.17";"102.06";"4h 50m";""
"27";"GBPUSD_DukasM1_the5ers";"Buy";"2017.05.31 14:00:00";"1.28365";"0.26";"2017.05.31 16:47:00";"1.28771";"104.26";"21473.68";"OOS1";"PT";"-11.18";"105.56";"2h 47m";""
"28";"GBPUSD_DukasM1_the5ers";"Buy";"2017.06.02 18:00:00";"1.28815";"0.29";"2017.06.05 16:19:00";"1.29174";"101.98";"21575.66";"OOS1";"PT";"-73.95";"104.11";"2d 22h 19m";""
"29";"GBPUSD_DukasM1_the5ers";"Buy";"2017.06.15 15:00:00";"1.27664";"0.24";"2017.06.15 15:30:00";"1.27257";"-98.88";"21476.78";"OOS1";"SL";"-97.68";"21.12";"30m 0s";""
"30";"GBPUSD_DukasM1_the5ers";"Buy";"2017.06.22 23:00:00";"1.26887";"0.36";"2017.06.23 09:56:00";"1.27178";"102.11";"21578.89";"OOS1";"PT";"-48.24";"104.76";"10h 56m";""
"31";"GBPUSD_DukasM1_the5ers";"Buy";"2017.07.21 22:00:00";"1.30072";"0.31";"2017.07.24 12:03:00";"1.30412";"103.12";"21682.01";"OOS1";"PT";"-61.69";"105.40";"2d 14h 3m";""
"32";"GBPUSD_DukasM1_the5ers";"Buy";"2017.07.25 15:00:00";"1.30666";"0.34";"2017.07.25 18:19:00";"1.30376";"-100.30";"21581.71";"OOS1";"SL";"-98.60";"58.14";"3h 19m";""
"33";"GBPUSD_DukasM1_the5ers";"Buy";"2017.07.26 14:00:00";"1.30525";"0.33";"2017.07.26 21:09:00";"1.30843";"103.29";"21685.00";"OOS1";"PT";"-65.67";"104.94";"7h 9m";""
"34";"GBPUSD_DukasM1_the5ers";"Buy";"2017.07.31 18:00:00";"1.31812";"0.31";"2017.07.31 23:54:00";"1.32152";"103.12";"21788.12";"OOS1";"PT";"-28.52";"105.40";"5h 54m";""
"35";"GBPUSD_DukasM1_the5ers";"Buy";"2017.08.03 10:00:00";"1.32320";"0.43";"2017.08.03 11:39:00";"1.32563";"102.34";"21890.46";"OOS1";"PT";"-45.58";"104.49";"1h 39m";""
"36";"GBPUSD_DukasM1_the5ers";"Buy";"2017.08.10 13:00:00";"1.29924";"0.37";"2017.08.11 12:12:00";"1.29655";"-102.25";"21788.20";"OOS1";"SL";"-99.53";"78.07";"23h 12m";""
"37";"GBPUSD_DukasM1_the5ers";"Buy";"2017.09.05 14:00:00";"1.29583";"0.38";"2017.09.05 16:03:00";"1.29855";"101.46";"21889.66";"OOS1";"PT";"-20.90";"103.36";"2h 3m";""
"38";"GBPUSD_DukasM1_the5ers";"Buy";"2017.09.11 14:00:00";"1.32134";"0.34";"2017.09.11 17:36:00";"1.31840";"-101.66";"21788.00";"OOS1";"SL";"-99.96";"26.18";"3h 36m";""
"39";"GBPUSD_DukasM1_the5ers";"Buy";"2017.09.14 15:00:00";"1.33361";"0.23";"2017.09.14 18:10:00";"1.33807";"101.43";"21889.43";"OOS1";"PT";"-69.23";"102.58";"3h 10m";""
"40";"GBPUSD_DukasM1_the5ers";"Buy";"2017.09.21 18:00:00";"1.35432";"0.21";"2017.09.22 09:04:00";"1.35929";"102.82";"21992.26";"OOS1";"PT";"-2.52";"104.37";"15h 4m";""
"41";"GBPUSD_DukasM1_the5ers";"Buy";"2017.09.28 14:00:00";"1.34209";"0.23";"2017.09.29 11:57:00";"1.33789";"-98.29";"21893.96";"OOS1";"SL";"-96.60";"79.12";"21h 57m";""
"42";"GBPUSD_DukasM1_the5ers";"Buy";"2017.11.16 13:00:00";"1.31957";"0.28";"2017.11.17 03:25:00";"1.32322";"100.14";"21994.10";"OOS1";"PT";"-60.48";"102.20";"14h 25m";""
"43";"GBPUSD_DukasM1_the5ers";"Buy";"2017.11.22 17:00:00";"1.32791";"0.33";"2017.11.22 21:09:00";"1.33107";"102.63";"22096.73";"OOS1";"PT";"-55.77";"104.28";"4h 9m";""
"44";"GBPUSD_DukasM1_the5ers";"Buy";"2017.11.27 11:00:00";"1.33428";"0.4";"2017.11.27 14:56:00";"1.33685";"100.80";"22197.54";"OOS1";"PT";"-16.40";"102.80";"3h 56m";""
"45";"GBPUSD_DukasM1_the5ers";"Buy";"2017.12.04 14:00:00";"1.35044";"0.21";"2017.12.04 17:52:00";"1.34583";"-97.86";"22099.67";"OOS1";"SL";"-96.81";"71.19";"3h 52m";""
"46";"GBPUSD_DukasM1_the5ers";"Buy";"2017.12.07 16:00:00";"1.33850";"0.23";"2017.12.07 18:44:00";"1.34293";"100.74";"22200.41";"OOS1";"PT";"-14.72";"101.89";"2h 44m";""
"47";"GBPUSD_DukasM1_the5ers";"Buy";"2017.12.29 07:00:00";"1.34585";"0.51";"2017.12.29 10:21:00";"1.34792";"103.02";"22303.43";"OOS1";"PT";"-35.70";"105.57";"3h 21m";""
"48";"GBPUSD_DukasM1_the5ers";"Buy";"2018.01.10 13:00:00";"1.35407";"0.36";"2018.01.10 16:39:00";"1.35129";"-101.88";"22201.55";"OOS1";"SL";"-100.08";"75.96";"3h 39m";""
"49";"GBPUSD_DukasM1_the5ers";"Buy";"2018.01.11 16:00:00";"1.35247";"0.3";"2018.01.12 02:12:00";"1.35591";"100.99";"22302.55";"OOS1";"PT";"-6.90";"103.20";"10h 12m";""
"50";"GBPUSD_DukasM1_the5ers";"Buy";"2018.01.30 12:00:00";"1.40729";"0.2";"2018.01.30 13:59:00";"1.41244";"102.00";"22404.55";"OOS1";"PT";"-17.20";"103.00";"1h 59m";""
"51";"GBPUSD_DukasM1_the5ers";"Buy";"2018.01.31 18:00:00";"1.42205";"0.19";"2018.01.31 21:04:00";"1.41680";"-100.70";"22303.85";"OOS1";"SL";"-99.75";"22.80";"3h 4m";""
"52";"GBPUSD_DukasM1_the5ers";"Buy";"2018.02.01 11:00:00";"1.42494";"0.19";"2018.02.01 16:30:00";"1.41985";"-97.66";"22206.19";"OOS1";"SL";"-96.71";"47.12";"5h 30m";""
"53";"GBPUSD_DukasM1_the5ers";"Buy";"2018.02.14 18:00:00";"1.39594";"0.18";"2018.02.15 03:25:00";"1.40180";"103.31";"22309.49";"OOS1";"PT";"-33.30";"105.48";"9h 25m";""
"54";"GBPUSD_DukasM1_the5ers";"Buy";"2018.02.20 12:00:00";"1.40039";"0.25";"2018.02.21 10:25:00";"1.39642";"-101.09";"22208.40";"OOS1";"SL";"-99.25";"50.75";"22h 25m";""
"55";"GBPUSD_DukasM1_the5ers";"Buy";"2018.02.22 16:00:00";"1.39196";"0.22";"2018.02.22 19:31:00";"1.39673";"103.84";"22312.24";"OOS1";"PT";"-21.78";"104.94";"3h 31m";""
"56";"GBPUSD_DukasM1_the5ers";"Buy";"2018.02.26 05:00:00";"1.40021";"0.25";"2018.02.26 09:43:00";"1.40433";"101.75";"22413.99";"OOS1";"PT";"-22.00";"103.00";"4h 43m";""
"57";"GBPUSD_DukasM1_the5ers";"Buy";"2018.03.13 15:00:00";"1.39510";"0.33";"2018.03.13 17:48:00";"1.39826";"102.63";"22516.62";"OOS1";"PT";"-35.97";"104.28";"2h 48m";""
"58";"GBPUSD_DukasM1_the5ers";"Buy";"2018.03.19 12:00:00";"1.39736";"0.34";"2018.03.19 12:03:00";"1.40045";"103.36";"22619.98";"OOS1";"PT";"-1.02";"105.06";"3m 0s";""
"59";"GBPUSD_DukasM1_the5ers";"Buy";"2018.03.23 16:00:00";"1.41332";"0.28";"2018.03.23 17:38:00";"1.41702";"102.20";"22722.18";"OOS1";"PT";"-1.40";"103.60";"1h 38m";""
"60";"GBPUSD_DukasM1_the5ers";"Buy";"2018.04.12 15:00:00";"1.42040";"0.31";"2018.04.12 17:41:00";"1.42375";"102.30";"22824.48";"OOS1";"PT";"-59.83";"103.85";"2h 41m";""
"61";"GBPUSD_DukasM1_the5ers";"Buy";"2018.04.26 14:00:00";"1.39634";"0.32";"2018.04.26 16:28:00";"1.39956";"101.44";"22925.92";"OOS1";"PT";"-38.08";"103.04";"2h 28m";""
"62";"GBPUSD_DukasM1_the5ers";"Buy";"2018.05.09 12:00:00";"1.35479";"0.3";"2018.05.09 14:27:00";"1.35823";"101.70";"23027.62";"OOS1";"PT";"-81.60";"103.20";"2h 27m";""
"63";"GBPUSD_DukasM1_the5ers";"Buy";"2018.06.12 19:00:00";"1.34181";"0.26";"2018.06.12 20:32:00";"1.33796";"-101.40";"22926.22";"OOS1";"SL";"-100.10";"16.12";"1h 32m";""
"64";"GBPUSD_DukasM1_the5ers";"Buy";"2018.06.15 12:00:00";"1.32720";"0.27";"2018.06.18 10:09:00";"1.32356";"-100.27";"22825.96";"OOS1";"SL";"-98.28";"69.66";"2d 22h 9m";""
"65";"GBPUSD_DukasM1_the5ers";"Buy";"2018.06.21 15:00:00";"1.32167";"0.25";"2018.06.21 16:35:00";"1.32578";"101.50";"22927.46";"OOS1";"PT";"-39.25";"102.75";"1h 35m";""
"66";"GBPUSD_DukasM1_the5ers";"Buy";"2018.06.25 15:00:00";"1.32833";"0.28";"2018.06.26 12:11:00";"1.32487";"-98.94";"22828.51";"OOS1";"SL";"-96.88";"23.80";"21h 11m";""
"67";"GBPUSD_DukasM1_the5ers";"Buy";"2018.07.17 10:00:00";"1.32569";"0.4";"2018.07.17 11:03:00";"1.32323";"-100.40";"22728.11";"OOS1";"SL";"-98.40";"0.40";"1h 3m";""
"1";"GBPUSD_DukasM1_the5ers";"Buy";"2018.08.16 17:00:00";"1.27411";"0.27";"2018.08.16 19:46:00";"1.27045";"-100.17";"22627.94";"OOS1";"SL";"-98.82";"7.29";"2h 46m";""
"2";"GBPUSD_DukasM1_the5ers";"Buy";"2018.08.22 16:00:00";"1.29306";"0.33";"2018.08.23 03:09:00";"1.29008";"-102.33";"22525.62";"OOS1";"SL";"-98.34";"18.48";"11h 9m";""
"3";"GBPUSD_DukasM1_the5ers";"Buy";"2018.08.23 14:00:00";"1.29088";"0.3";"2018.08.23 15:20:00";"1.28758";"-100.50";"22425.12";"OOS1";"SL";"-99.00";"0.00";"1h 20m";""
"4";"GBPUSD_DukasM1_the5ers";"Buy";"2018.08.27 15:00:00";"1.28677";"0.37";"2018.08.27 19:24:00";"1.28944";"96.94";"22522.06";"OOS1";"PT";"-16.65";"98.79";"4h 24m";""
"5";"GBPUSD_DukasM1_the5ers";"Buy";"2018.08.29 13:00:00";"1.28866";"0.36";"2018.08.29 16:57:00";"1.29143";"97.92";"22619.98";"OOS1";"PT";"-80.64";"99.72";"3h 57m";""
"6";"GBPUSD_DukasM1_the5ers";"Buy";"2018.09.07 13:00:00";"1.29669";"0.29";"2018.09.07 13:45:00";"1.30009";"97.15";"22717.13";"OOS1";"PT";"-29.87";"98.60";"45m 0s";""
"7";"GBPUSD_DukasM1_the5ers";"Buy";"2018.09.12 20:00:00";"1.30593";"0.22";"2018.09.13 16:27:00";"1.31039";"95.46";"22812.59";"OOS1";"PT";"-73.04";"98.12";"20h 27m";""
"8";"GBPUSD_DukasM1_the5ers";"Buy";"2018.09.20 11:00:00";"1.31765";"0.32";"2018.09.20 12:22:00";"1.32072";"96.64";"22909.23";"OOS1";"PT";"-3.84";"98.24";"1h 22m";""
"9";"GBPUSD_DukasM1_the5ers";"Buy";"2018.09.25 11:00:00";"1.31425";"0.33";"2018.09.25 14:40:00";"1.31725";"97.35";"23006.58";"OOS1";"PT";"-58.41";"99.00";"3h 40m";""
"10";"GBPUSD_DukasM1_the5ers";"Buy";"2018.11.06 21:00:00";"1.30947";"0.25";"2018.11.07 02:43:00";"1.31336";"95.41";"23101.99";"OOS1";"PT";"-18.75";"97.25";"5h 43m";""
"11";"GBPUSD_DukasM1_the5ers";"Buy";"2018.12.19 04:00:00";"1.26632";"0.28";"2018.12.19 14:57:00";"1.26280";"-99.96";"23002.03";"OOS1";"SL";"-98.56";"43.40";"10h 57m";""
"12";"GBPUSD_DukasM1_the5ers";"Buy";"2018.12.24 16:00:00";"1.26888";"0.24";"2018.12.24 16:47:00";"1.27296";"96.72";"23098.75";"OOS1";"PT";"-3.36";"97.92";"47m 0s";""
"13";"GBPUSD_DukasM1_the5ers";"Buy";"2018.12.28 13:00:00";"1.26839";"0.3";"2018.12.31 09:52:00";"1.27173";"97.99";"23196.74";"OOS1";"PT";"-61.80";"100.20";"2d 20h 52m";""
"14";"GBPUSD_DukasM1_the5ers";"Buy";"2019.01.04 18:00:00";"1.27234";"0.21";"2019.01.07 16:10:00";"1.27705";"97.36";"23294.11";"OOS1";"PT";"-31.08";"98.91";"2d 22h 10m";""
"15";"GBPUSD_DukasM1_the5ers";"Buy";"2019.01.11 13:00:00";"1.28229";"0.23";"2019.01.11 13:12:00";"1.27795";"-100.97";"23193.14";"OOS1";"SL";"-99.82";"5.06";"12m 0s";""
"16";"GBPUSD_DukasM1_the5ers";"Buy";"2019.01.14 18:00:00";"1.29111";"0.2";"2019.01.14 18:56:00";"1.28616";"-100.00";"23093.14";"OOS1";"SL";"-99.00";"18.00";"56m 0s";""
"17";"GBPUSD_DukasM1_the5ers";"Buy";"2019.01.25 18:00:00";"1.31663";"0.21";"2019.01.25 22:59:00";"1.32127";"96.39";"23189.53";"OOS1";"PT";"-27.93";"97.44";"4h 59m";""
"18";"GBPUSD_DukasM1_the5ers";"Buy";"2019.01.29 16:00:00";"1.31909";"0.28";"2019.01.29 17:56:00";"1.31556";"-100.24";"23089.29";"OOS1";"SL";"-98.84";"24.08";"1h 56m";""
"19";"GBPUSD_DukasM1_the5ers";"Buy";"2019.01.30 22:00:00";"1.31166";"0.22";"2019.02.01 11:37:00";"1.30715";"-102.40";"22986.89";"OOS1";"SL";"-99.22";"95.26";"1d 13h 37m";""
"20";"GBPUSD_DukasM1_the5ers";"Buy";"2019.02.07 16:00:00";"1.29698";"0.3";"2019.02.08 09:44:00";"1.29365";"-102.11";"22884.78";"OOS1";"SL";"-99.90";"78.90";"17h 44m";""
"21";"GBPUSD_DukasM1_the5ers";"Buy";"2019.02.13 14:00:00";"1.29471";"0.3";"2019.02.13 14:20:00";"1.29145";"-99.30";"22785.48";"OOS1";"SL";"-97.80";"2.70";"20m 0s";""
"22";"GBPUSD_DukasM1_the5ers";"Buy";"2019.02.19 11:00:00";"1.29241";"0.41";"2019.02.19 15:01:00";"1.29486";"98.40";"22883.88";"OOS1";"PT";"-86.92";"100.45";"4h 1m";""
"23";"GBPUSD_DukasM1_the5ers";"Buy";"2019.02.22 18:00:00";"1.30579";"0.25";"2019.02.25 10:22:00";"1.30982";"98.91";"22982.79";"OOS1";"PT";"-28.00";"100.75";"2d 16h 22m";""
"24";"GBPUSD_DukasM1_the5ers";"Buy";"2019.02.25 22:00:00";"1.31011";"0.26";"2019.02.26 00:04:00";"1.31393";"97.41";"23080.20";"OOS1";"PT";"-19.50";"99.32";"2h 4m";""
"25";"GBPUSD_DukasM1_the5ers";"Buy";"2019.02.27 13:00:00";"1.32948";"0.25";"2019.02.27 13:43:00";"1.33351";"99.50";"23179.70";"OOS1";"PT";"-3.50";"100.75";"43m 0s";""
"26";"GBPUSD_DukasM1_the5ers";"Buy";"2019.03.01 17:00:00";"1.32728";"0.26";"2019.03.01 18:04:00";"1.32346";"-100.62";"23079.08";"OOS1";"SL";"-99.32";"35.36";"1h 4m";""
"27";"GBPUSD_DukasM1_the5ers";"Buy";"2019.03.06 20:00:00";"1.31650";"0.26";"2019.03.07 14:30:00";"1.31265";"-103.24";"22975.84";"OOS1";"SL";"-100.10";"51.22";"18h 30m";""
"28";"GBPUSD_DukasM1_the5ers";"Buy";"2019.03.22 15:00:00";"1.31593";"0.18";"2019.03.22 17:57:00";"1.32154";"100.08";"23075.92";"OOS1";"PT";"-15.48";"100.98";"2h 57m";""
"29";"GBPUSD_DukasM1_the5ers";"Buy";"2019.03.26 13:00:00";"1.32304";"0.19";"2019.03.27 04:07:00";"1.31797";"-97.73";"22978.19";"OOS1";"SL";"-96.33";"58.71";"15h 7m";""
"30";"GBPUSD_DukasM1_the5ers";"Buy";"2019.03.27 12:00:00";"1.32060";"0.26";"2019.03.27 15:04:00";"1.32448";"99.58";"23077.77";"OOS1";"PT";"-25.74";"100.88";"3h 4m";""
"31";"GBPUSD_DukasM1_the5ers";"Buy";"2019.04.24 13:00:00";"1.29395";"0.46";"2019.04.24 17:27:00";"1.29612";"97.52";"23175.29";"OOS1";"PT";"-40.94";"99.82";"4h 27m";""
"32";"GBPUSD_DukasM1_the5ers";"Buy";"2019.05.21 16:00:00";"1.27371";"0.43";"2019.05.21 17:19:00";"1.27138";"-102.34";"23072.95";"OOS1";"SL";"-100.19";"11.61";"1h 19m";""
"33";"GBPUSD_DukasM1_the5ers";"Buy";"2019.06.04 17:00:00";"1.26892";"0.31";"2019.06.05 09:19:00";"1.27218";"98.78";"23171.73";"OOS1";"PT";"-73.16";"101.06";"16h 19m";""
"34";"GBPUSD_DukasM1_the5ers";"Buy";"2019.06.06 15:00:00";"1.27244";"0.35";"2019.06.06 16:38:00";"1.26960";"-101.15";"23070.58";"OOS1";"SL";"-99.40";"61.25";"1h 38m";""
"35";"GBPUSD_DukasM1_the5ers";"Buy";"2019.06.25 10:00:00";"1.27830";"0.35";"2019.06.25 10:18:00";"1.27550";"-99.75";"22970.83";"OOS1";"SL";"-98.00";"0.00";"18m 0s";""
"36";"GBPUSD_DukasM1_the5ers";"Buy";"2019.06.27 13:00:00";"1.27127";"0.37";"2019.06.27 16:40:00";"1.26861";"-100.27";"22870.56";"OOS1";"SL";"-98.42";"44.40";"3h 40m";""
"37";"GBPUSD_DukasM1_the5ers";"Buy";"2019.07.12 18:00:00";"1.25592";"0.36";"2019.07.15 15:29:00";"1.25318";"-101.29";"22769.27";"OOS1";"SL";"-98.64";"69.84";"2d 21h 29m";""
"38";"GBPUSD_DukasM1_the5ers";"Buy";"2019.07.25 16:00:00";"1.25039";"0.36";"2019.07.25 17:14:00";"1.24763";"-101.16";"22668.11";"OOS1";"SL";"-99.36";"48.60";"1h 14m";""
"39";"GBPUSD_DukasM1_the5ers";"Buy";"2019.08.01 18:00:00";"1.21542";"0.21";"2019.08.02 04:12:00";"1.21068";"-101.09";"22567.02";"OOS1";"SL";"-99.54";"35.91";"10h 12m";""
"40";"GBPUSD_DukasM1_the5ers";"Buy";"2019.08.05 14:00:00";"1.21657";"0.23";"2019.08.05 18:05:00";"1.21231";"-99.13";"22467.89";"OOS1";"SL";"-97.98";"19.32";"4h 5m";""
"41";"GBPUSD_DukasM1_the5ers";"Buy";"2019.08.15 10:00:00";"1.20720";"0.47";"2019.08.15 12:06:00";"1.20932";"97.29";"22565.18";"OOS1";"PT";"-19.74";"99.64";"2h 6m";""
"42";"GBPUSD_DukasM1_the5ers";"Buy";"2019.08.20 17:00:00";"1.21338";"0.28";"2019.08.20 19:50:00";"1.21690";"97.16";"22662.34";"OOS1";"PT";"-57.96";"98.56";"2h 50m";""
"43";"GBPUSD_DukasM1_the5ers";"Buy";"2019.08.22 12:00:00";"1.21479";"0.36";"2019.08.22 14:22:00";"1.21755";"97.56";"22759.90";"OOS1";"PT";"-95.04";"99.36";"2h 22m";""
"44";"GBPUSD_DukasM1_the5ers";"Buy";"2019.08.23 18:00:00";"1.22758";"0.25";"2019.08.26 11:40:00";"1.22372";"-98.34";"22661.56";"OOS1";"SL";"-96.50";"44.25";"2d 17h 40m";""
"45";"GBPUSD_DukasM1_the5ers";"Buy";"2019.08.29 15:00:00";"1.22181";"0.3";"2019.08.29 20:07:00";"1.21847";"-101.70";"22559.86";"OOS1";"SL";"-100.20";"42.00";"5h 7m";""
"46";"GBPUSD_DukasM1_the5ers";"Buy";"2019.09.09 12:00:00";"1.23145";"0.28";"2019.09.09 12:35:00";"1.23502";"98.56";"22658.42";"OOS1";"PT";"-5.60";"99.96";"35m 0s";""
"47";"GBPUSD_DukasM1_the5ers";"Buy";"2019.09.12 17:00:00";"1.23460";"0.26";"2019.09.13 09:43:00";"1.23839";"96.63";"22755.05";"OOS1";"PT";"-66.82";"98.54";"16h 43m";""
"48";"GBPUSD_DukasM1_the5ers";"Buy";"2019.10.01 20:00:00";"1.23185";"0.2";"2019.10.01 20:16:00";"1.22696";"-98.80";"22656.25";"OOS1";"SL";"-97.80";"22.60";"16m 0s";""
"49";"GBPUSD_DukasM1_the5ers";"Buy";"2019.10.02 17:00:00";"1.22881";"0.22";"2019.10.03 15:01:00";"1.23340";"98.32";"22754.57";"OOS1";"PT";"-50.16";"100.98";"22h 1m";""
"50";"GBPUSD_DukasM1_the5ers";"Buy";"2019.10.10 18:00:00";"1.22827";"0.25";"2019.10.10 18:29:00";"1.23219";"96.75";"22851.32";"OOS1";"PT";"-39.50";"98.00";"29m 0s";""
"51";"GBPUSD_DukasM1_the5ers";"Buy";"2019.10.15 01:00:00";"1.26287";"0.15";"2019.10.15 09:33:00";"1.26930";"95.70";"22947.02";"OOS1";"PT";"-39.45";"96.45";"8h 33m";""
"52";"GBPUSD_DukasM1_the5ers";"Buy";"2019.10.17 13:00:00";"1.29281";"0.12";"2019.10.17 14:06:00";"1.28486";"-96.00";"22851.02";"OOS1";"SL";"-95.40";"6.12";"1h 6m";""
"53";"GBPUSD_DukasM1_the5ers";"Buy";"2019.10.29 13:00:00";"1.28653";"0.29";"2019.10.29 17:57:00";"1.28994";"97.44";"22948.46";"OOS1";"PT";"-60.32";"98.89";"4h 57m";""
"54";"GBPUSD_DukasM1_the5ers";"Buy";"2019.11.14 12:00:00";"1.28506";"0.41";"2019.11.14 18:18:00";"1.28751";"98.40";"23046.86";"OOS1";"PT";"-71.75";"100.45";"6h 18m";""
"55";"GBPUSD_DukasM1_the5ers";"Buy";"2019.11.27 12:00:00";"1.28615";"0.41";"2019.11.27 13:00:00";"1.28858";"97.58";"23144.44";"OOS1";"PT";"-6.15";"99.63";"1h 0m";""
"56";"GBPUSD_DukasM1_the5ers";"Buy";"2019.11.29 18:00:00";"1.29364";"0.35";"2019.12.02 11:05:00";"1.29085";"-100.23";"23044.21";"OOS1";"SL";"-97.65";"19.25";"2d 17h 5m";""
"57";"GBPUSD_DukasM1_the5ers";"Buy";"2019.12.02 15:00:00";"1.29318";"0.41";"2019.12.03 09:23:00";"1.29560";"96.20";"23140.42";"OOS1";"PT";"-54.12";"99.22";"18h 23m";""
"58";"GBPUSD_DukasM1_the5ers";"Buy";"2019.12.11 13:00:00";"1.31532";"0.31";"2019.12.11 16:52:00";"1.31856";"98.89";"23239.31";"OOS1";"PT";"-37.82";"100.44";"3h 52m";""
"59";"GBPUSD_DukasM1_the5ers";"Buy";"2019.12.26 18:00:00";"1.29995";"0.37";"2019.12.27 03:55:00";"1.29729";"-101.14";"23138.16";"OOS1";"SL";"-98.42";"59.57";"9h 55m";""
"60";"GBPUSD_DukasM1_the5ers";"Buy";"2020.01.14 14:00:00";"1.29984";"0.33";"2020.01.14 20:18:00";"1.30284";"97.35";"23235.51";"OOS1";"PT";"-82.83";"99.00";"6h 18m";""
"61";"GBPUSD_DukasM1_the5ers";"Buy";"2020.02.11 12:00:00";"1.29383";"0.39";"2020.02.11 16:51:00";"1.29641";"98.67";"23334.18";"OOS1";"PT";"-90.09";"100.62";"4h 51m";""
"62";"GBPUSD_DukasM1_the5ers";"Buy";"2020.02.13 10:00:00";"1.29783";"0.44";"2020.02.13 11:21:00";"1.29558";"-101.20";"23232.98";"OOS1";"SL";"-99.00";"23.76";"1h 21m";""
"63";"GBPUSD_DukasM1_the5ers";"Buy";"2020.02.18 13:00:00";"1.30291";"0.38";"2020.02.18 19:34:00";"1.30030";"-101.08";"23131.90";"OOS1";"SL";"-99.18";"74.10";"6h 34m";""
"64";"GBPUSD_DukasM1_the5ers";"Buy";"2020.03.04 16:00:00";"1.28294";"0.23";"2020.03.05 01:31:00";"1.28725";"96.35";"23228.26";"OOS1";"PT";"-67.85";"99.13";"9h 31m";""
"65";"GBPUSD_DukasM1_the5ers";"Buy";"2020.03.20 04:00:00";"1.16232";"0.06";"2020.03.20 09:28:00";"1.17740";"90.18";"23318.44";"OOS1";"PT";"-14.64";"90.48";"5h 28m";""
"66";"GBPUSD_DukasM1_the5ers";"Buy";"2020.04.01 17:00:00";"1.24244";"0.13";"2020.04.02 20:39:00";"1.23482";"-100.63";"23217.80";"OOS1";"SL";"-99.06";"65.91";"1d 3h 39m";""
"67";"GBPUSD_DukasM1_the5ers";"Buy";"2020.04.09 13:00:00";"1.24313";"0.2";"2020.04.09 16:29:00";"1.24795";"95.40";"23313.21";"OOS1";"PT";"-62.00";"96.40";"3h 29m";""
"68";"GBPUSD_DukasM1_the5ers";"Buy";"2020.04.13 10:00:00";"1.25217";"0.3";"2020.04.13 13:13:00";"1.24892";"-99.00";"23214.21";"OOS1";"SL";"-97.50";"44.10";"3h 13m";""
"69";"GBPUSD_DukasM1_the5ers";"Buy";"2020.04.14 05:00:00";"1.25513";"0.28";"2020.04.14 15:31:00";"1.25869";"98.28";"23312.48";"OOS1";"PT";"-77.84";"99.68";"10h 31m";""
"70";"GBPUSD_DukasM1_the5ers";"Buy";"2020.04.23 09:00:00";"1.23616";"0.24";"2020.04.23 10:23:00";"1.23199";"-101.28";"23211.21";"OOS1";"SL";"-100.08";"32.88";"1h 23m";""
"71";"GBPUSD_DukasM1_the5ers";"Buy";"2020.04.24 14:00:00";"1.23582";"0.23";"2020.04.27 04:32:00";"1.24011";"96.98";"23308.18";"OOS1";"PT";"-90.39";"98.67";"2d 14h 32m";""
"72";"GBPUSD_DukasM1_the5ers";"Buy";"2020.04.28 11:00:00";"1.24694";"0.27";"2020.04.28 13:41:00";"1.25060";"97.47";"23405.65";"OOS1";"PT";"-47.52";"98.82";"2h 41m";""
"73";"GBPUSD_DukasM1_the5ers";"Buy";"2020.05.08 18:00:00";"1.24528";"0.21";"2020.05.08 22:07:00";"1.24055";"-100.38";"23305.27";"OOS1";"SL";"-99.33";"5.88";"4h 7m";""
"74";"GBPUSD_DukasM1_the5ers";"Buy";"2020.05.21 12:00:00";"1.22253";"0.28";"2020.05.22 10:12:00";"1.21904";"-99.78";"23205.49";"OOS1";"SL";"-97.72";"67.48";"22h 12m";""
"75";"GBPUSD_DukasM1_the5ers";"Buy";"2020.06.01 04:00:00";"1.23755";"0.2";"2020.06.01 10:59:00";"1.24254";"98.80";"23304.29";"OOS1";"PT";"-4.20";"99.80";"6h 59m";""
"76";"GBPUSD_DukasM1_the5ers";"Buy";"2020.06.02 13:00:00";"1.25660";"0.2";"2020.06.04 10:21:00";"1.25169";"-101.09";"23203.20";"OOS1";"SL";"-98.20";"97.80";"1d 21h 21m";""
"77";"GBPUSD_DukasM1_the5ers";"Buy";"2020.06.04 15:00:00";"1.25689";"0.24";"2020.06.04 15:33:00";"1.25283";"-98.64";"23104.56";"OOS1";"SL";"-97.44";"3.84";"33m 0s";""
"78";"GBPUSD_DukasM1_the5ers";"Buy";"2020.06.05 18:00:00";"1.27257";"0.17";"2020.06.05 20:11:00";"1.26697";"-96.05";"23008.51";"OOS1";"SL";"-95.20";"1.36";"2h 11m";""
"1";"GBPUSD_DukasM1_the5ers";"Buy";"2020.06.30 17:00:00";"1.23023";"0.27";"2020.06.30 17:31:00";"1.23412";"103.68";"23112.19";"OOS1";"PT";"-8.64";"105.03";"31m 0s";""
"2";"GBPUSD_DukasM1_the5ers";"Buy";"2020.07.07 15:00:00";"1.25184";"0.3";"2020.07.07 16:51:00";"1.25534";"103.50";"23215.69";"OOS1";"PT";"-0.90";"105.00";"1h 51m";""
"3";"GBPUSD_DukasM1_the5ers";"Buy";"2020.07.08 17:00:00";"1.25884";"0.24";"2020.07.09 07:05:00";"1.26324";"102.70";"23318.39";"OOS1";"PT";"-48.48";"105.60";"14h 5m";""
"4";"GBPUSD_DukasM1_the5ers";"Buy";"2020.07.20 11:00:00";"1.25744";"0.28";"2020.07.20 14:05:00";"1.26119";"103.60";"23421.99";"OOS1";"PT";"-26.88";"105.00";"3h 5m";""
"5";"GBPUSD_DukasM1_the5ers";"Buy";"2020.07.30 13:00:00";"1.30039";"0.25";"2020.07.30 16:31:00";"1.30467";"105.75";"23527.74";"OOS1";"PT";"-27.25";"107.00";"3h 31m";""
"6";"GBPUSD_DukasM1_the5ers";"Buy";"2020.08.10 17:00:00";"1.30949";"0.23";"2020.08.11 22:10:00";"1.30520";"-100.36";"23427.38";"OOS1";"SL";"-98.67";"84.41";"1d 5h 10m";""
"7";"GBPUSD_DukasM1_the5ers";"Buy";"2020.08.18 04:00:00";"1.31325";"0.33";"2020.08.18 09:33:00";"1.31646";"104.28";"23531.66";"OOS1";"PT";"-33.33";"105.93";"5h 33m";""
"8";"GBPUSD_DukasM1_the5ers";"Buy";"2020.08.20 12:00:00";"1.31071";"0.24";"2020.08.20 17:49:00";"1.31519";"106.32";"23637.98";"OOS1";"PT";"-65.76";"107.52";"5h 49m";""
"9";"GBPUSD_DukasM1_the5ers";"Buy";"2020.08.28 06:00:00";"1.32320";"0.23";"2020.08.28 10:05:00";"1.32776";"103.73";"23741.71";"OOS1";"PT";"-2.76";"104.88";"4h 5m";""
"10";"GBPUSD_DukasM1_the5ers";"Buy";"2020.08.31 18:00:00";"1.33891";"0.21";"2020.09.01 10:53:00";"1.34383";"101.77";"23843.49";"OOS1";"PT";"-69.51";"103.32";"16h 53m";""
"11";"GBPUSD_DukasM1_the5ers";"Buy";"2020.09.22 12:00:00";"1.28238";"0.19";"2020.09.22 16:49:00";"1.27732";"-97.09";"23746.40";"OOS1";"SL";"-96.14";"81.89";"4h 49m";""
"12";"GBPUSD_DukasM1_the5ers";"Buy";"2020.10.01 15:00:00";"1.29657";"0.16";"2020.10.01 16:05:00";"1.29063";"-95.84";"23650.56";"OOS1";"SL";"-95.04";"20.00";"1h 5m";""
"13";"GBPUSD_DukasM1_the5ers";"Buy";"2020.10.09 17:00:00";"1.29709";"0.26";"2020.10.09 18:26:00";"1.30108";"102.44";"23753.00";"OOS1";"PT";"-5.20";"103.74";"1h 26m";""
"14";"GBPUSD_DukasM1_the5ers";"Buy";"2020.10.12 18:00:00";"1.30634";"0.28";"2020.10.13 10:20:00";"1.30279";"-101.46";"23651.54";"OOS1";"SL";"-99.40";"53.48";"16h 20m";""
"15";"GBPUSD_DukasM1_the5ers";"Buy";"2020.10.14 13:00:00";"1.29369";"0.24";"2020.10.14 14:33:00";"1.29810";"104.64";"23756.18";"OOS1";"PT";"-0.72";"105.84";"1h 33m";""
"16";"GBPUSD_DukasM1_the5ers";"Buy";"2020.10.19 04:00:00";"1.29420";"0.2";"2020.10.19 11:14:00";"1.29933";"101.60";"23857.78";"OOS1";"PT";"-40.20";"102.60";"7h 14m";""
"17";"GBPUSD_DukasM1_the5ers";"Buy";"2020.10.26 12:00:00";"1.30494";"0.26";"2020.10.26 14:54:00";"1.30112";"-100.62";"23757.16";"OOS1";"SL";"-99.32";"65.26";"2h 54m";""
"18";"GBPUSD_DukasM1_the5ers";"Buy";"2020.10.27 05:00:00";"1.30394";"0.31";"2020.10.27 10:10:00";"1.30072";"-101.37";"23655.79";"OOS1";"SL";"-99.82";"15.50";"5h 10m";""
"19";"GBPUSD_DukasM1_the5ers";"Buy";"2020.11.02 13:00:00";"1.29215";"0.22";"2020.11.03 10:25:00";"1.29696";"104.20";"23759.99";"OOS1";"PT";"-70.18";"105.82";"21h 25m";""
"20";"GBPUSD_DukasM1_the5ers";"Buy";"2020.11.17 13:00:00";"1.32468";"0.27";"2020.11.18 10:13:00";"1.32858";"103.31";"23863.30";"OOS1";"PT";"-21.33";"105.30";"21h 13m";""
"21";"GBPUSD_DukasM1_the5ers";"Buy";"2020.11.19 14:00:00";"1.32547";"0.27";"2020.11.19 15:36:00";"1.32188";"-98.28";"23765.02";"OOS1";"SL";"-96.93";"8.10";"1h 36m";""
"22";"GBPUSD_DukasM1_the5ers";"Buy";"2020.12.01 06:00:00";"1.33584";"0.28";"2020.12.01 10:05:00";"1.33964";"105.00";"23870.02";"OOS1";"PT";"-0.84";"106.40";"4h 5m";""
"23";"GBPUSD_DukasM1_the5ers";"Buy";"2020.12.04 16:00:00";"1.35024";"0.19";"2020.12.04 21:19:00";"1.34512";"-98.23";"23771.79";"OOS1";"SL";"-97.28";"69.73";"5h 19m";""
"24";"GBPUSD_DukasM1_the5ers";"Buy";"2020.12.15 14:00:00";"1.33764";"0.18";"2020.12.15 18:07:00";"1.34332";"101.34";"23873.13";"OOS1";"PT";"-31.68";"102.24";"4h 7m";""
"25";"GBPUSD_DukasM1_the5ers";"Buy";"2021.01.11 19:00:00";"1.35207";"0.2";"2021.01.12 11:19:00";"1.35723";"101.73";"23974.86";"OOS1";"PT";"-33.40";"103.20";"16h 19m";""
"26";"GBPUSD_DukasM1_the5ers";"Buy";"2021.01.26 12:00:00";"1.36586";"0.28";"2021.01.26 14:35:00";"1.36957";"102.48";"24077.34";"OOS1";"PT";"-40.04";"103.88";"2h 35m";""
"27";"GBPUSD_DukasM1_the5ers";"Buy";"2021.01.28 16:00:00";"1.36823";"0.22";"2021.01.28 17:47:00";"1.37295";"102.74";"24180.08";"OOS1";"PT";"-3.08";"103.84";"1h 47m";""
"28";"GBPUSD_DukasM1_the5ers";"Buy";"2021.01.29 15:00:00";"1.37276";"0.24";"2021.02.01 15:25:00";"1.36870";"-99.21";"24080.87";"OOS1";"SL";"-97.44";"71.52";"3d 0h 25m";""
"29";"GBPUSD_DukasM1_the5ers";"Buy";"2021.02.04 15:00:00";"1.36647";"0.25";"2021.02.05 11:01:00";"1.37075";"105.16";"24186.03";"OOS1";"PT";"-35.25";"107.00";"20h 1m";""
"30";"GBPUSD_DukasM1_the5ers";"Buy";"2021.02.18 11:00:00";"1.39121";"0.3";"2021.02.18 13:24:00";"1.39473";"104.10";"24290.13";"OOS1";"PT";"-22.20";"105.60";"2h 24m";""
"31";"GBPUSD_DukasM1_the5ers";"Buy";"2021.03.02 14:00:00";"1.39273";"0.2";"2021.03.03 09:26:00";"1.39790";"101.93";"24392.06";"OOS1";"PT";"-62.60";"103.40";"19h 26m";""
"32";"GBPUSD_DukasM1_the5ers";"Buy";"2021.03.17 21:00:00";"1.39456";"0.23";"2021.03.18 09:01:00";"1.39914";"102.56";"24494.62";"OOS1";"PT";"-24.84";"105.34";"12h 1m";""
"33";"GBPUSD_DukasM1_the5ers";"Buy";"2021.03.24 12:00:00";"1.37306";"0.25";"2021.03.24 20:44:00";"1.36915";"-99.00";"24395.62";"OOS1";"SL";"-97.75";"6.00";"8h 44m";""
"34";"GBPUSD_DukasM1_the5ers";"Buy";"2021.03.29 11:00:00";"1.37964";"0.31";"2021.03.29 11:32:00";"1.38308";"105.09";"24500.71";"OOS1";"PT";"-31.93";"106.64";"32m 0s";""
"35";"GBPUSD_DukasM1_the5ers";"Buy";"2021.04.05 12:00:00";"1.38620";"0.36";"2021.04.05 16:46:00";"1.38915";"104.40";"24605.11";"OOS1";"PT";"-31.68";"106.20";"4h 46m";""
"36";"GBPUSD_DukasM1_the5ers";"Buy";"2021.04.16 13:00:00";"1.37784";"0.3";"2021.04.16 15:08:00";"1.38131";"102.60";"24707.71";"OOS1";"PT";"-13.50";"104.10";"2h 8m";""
"37";"GBPUSD_DukasM1_the5ers";"Buy";"2021.04.27 14:00:00";"1.39114";"0.3";"2021.04.28 04:31:00";"1.38781";"-102.11";"24605.60";"OOS1";"SL";"-99.90";"37.50";"14h 31m";""
"38";"GBPUSD_DukasM1_the5ers";"Buy";"2021.05.06 13:00:00";"1.39173";"0.36";"2021.05.06 14:00:00";"1.38897";"-101.16";"24504.44";"OOS1";"SL";"-99.36";"4.32";"1h 0m";""
"39";"GBPUSD_DukasM1_the5ers";"Buy";"2021.05.07 16:00:00";"1.39539";"0.29";"2021.05.07 16:41:00";"1.39194";"-101.50";"24402.94";"OOS1";"SL";"-100.05";"13.34";"41m 0s";""
"40";"GBPUSD_DukasM1_the5ers";"Buy";"2021.05.17 19:00:00";"1.41260";"0.3";"2021.05.18 04:20:00";"1.41616";"104.59";"24507.53";"OOS1";"PT";"-3.90";"106.80";"9h 20m";""
"41";"GBPUSD_DukasM1_the5ers";"Buy";"2021.05.31 18:00:00";"1.42136";"0.34";"2021.06.01 04:14:00";"1.42449";"103.92";"24611.45";"OOS1";"PT";"-47.60";"106.42";"10h 14m";""
"42";"GBPUSD_DukasM1_the5ers";"Buy";"2021.06.02 16:00:00";"1.41674";"0.33";"2021.06.03 13:02:00";"1.42000";"103.59";"24715.04";"OOS1";"PT";"-80.19";"107.58";"21h 2m";""
"43";"GBPUSD_DukasM1_the5ers";"Buy";"2021.06.10 16:00:00";"1.41487";"0.33";"2021.06.11 07:13:00";"1.41811";"104.49";"24819.54";"OOS1";"PT";"-95.04";"106.92";"15h 13m";""
"44";"GBPUSD_DukasM1_the5ers";"Buy";"2021.06.22 18:00:00";"1.39153";"0.28";"2021.06.22 22:04:00";"1.39532";"104.72";"24924.26";"OOS1";"PT";"-8.96";"106.12";"4h 4m";""
"45";"GBPUSD_DukasM1_the5ers";"Buy";"2021.07.02 16:00:00";"1.37800";"0.33";"2021.07.02 20:10:00";"1.38122";"104.61";"25028.87";"OOS1";"PT";"-69.63";"106.26";"4h 10m";""
"46";"GBPUSD_DukasM1_the5ers";"Buy";"2021.07.09 13:00:00";"1.37974";"0.31";"2021.07.09 15:16:00";"1.38318";"105.09";"25133.96";"OOS1";"PT";"-11.16";"106.64";"2h 16m";""
"47";"GBPUSD_DukasM1_the5ers";"Buy";"2021.07.15 10:00:00";"1.38601";"0.36";"2021.07.15 10:24:00";"1.38327";"-100.44";"25033.52";"OOS1";"SL";"-98.64";"4.32";"24m 0s";""
"48";"GBPUSD_DukasM1_the5ers";"Buy";"2021.07.16 12:00:00";"1.38591";"0.29";"2021.07.16 12:46:00";"1.38249";"-100.63";"24932.89";"OOS1";"SL";"-99.18";"0.00";"46m 0s";""
"49";"GBPUSD_DukasM1_the5ers";"Buy";"2021.07.23 16:00:00";"1.37671";"0.32";"2021.07.26 09:48:00";"1.37366";"-99.96";"24832.93";"OOS1";"SL";"-97.60";"17.28";"2d 17h 48m";""
"50";"GBPUSD_DukasM1_the5ers";"Buy";"2021.07.28 22:00:00";"1.39051";"0.27";"2021.07.29 10:02:00";"1.39448";"103.93";"24936.86";"OOS1";"PT";"-21.60";"107.19";"12h 2m";""
"51";"GBPUSD_DukasM1_the5ers";"Buy";"2021.08.25 20:00:00";"1.37378";"0.37";"2021.08.25 21:13:00";"1.37662";"103.23";"25040.09";"OOS1";"PT";"-11.10";"105.08";"1h 13m";""
"52";"GBPUSD_DukasM1_the5ers";"Buy";"2021.09.13 16:00:00";"1.38358";"0.41";"2021.09.14 10:04:00";"1.38616";"102.76";"25142.85";"OOS1";"PT";"-91.84";"105.78";"18h 4m";""
"53";"GBPUSD_DukasM1_the5ers";"Buy";"2021.10.08 13:00:00";"1.36238";"0.38";"2021.10.08 15:30:00";"1.36520";"105.26";"25248.11";"OOS1";"PT";"-19.76";"107.16";"2h 30m";""
"54";"GBPUSD_DukasM1_the5ers";"Buy";"2021.10.19 04:00:00";"1.37522";"0.41";"2021.10.19 08:43:00";"1.37779";"103.32";"25351.43";"OOS1";"PT";"-20.50";"105.37";"4h 43m";""
"55";"GBPUSD_DukasM1_the5ers";"Buy";"2021.12.10 16:00:00";"1.32294";"0.34";"2021.12.10 18:46:00";"1.32604";"103.70";"25455.13";"OOS1";"PT";"-87.38";"105.40";"2h 46m";""
"56";"GBPUSD_DukasM1_the5ers";"Buy";"2021.12.29 14:00:00";"1.34387";"0.42";"2021.12.29 16:35:00";"1.34638";"103.32";"25558.45";"OOS1";"PT";"-65.52";"105.42";"2h 35m";""
"57";"GBPUSD_DukasM1_the5ers";"Buy";"2021.12.30 14:00:00";"1.34863";"0.4";"2021.12.30 14:55:00";"1.35126";"103.20";"25661.65";"OOS1";"PT";"-2.80";"105.20";"55m 0s";""
"58";"GBPUSD_DukasM1_the5ers";"Buy";"2022.01.05 18:00:00";"1.35653";"0.36";"2022.01.05 20:20:00";"1.35949";"104.76";"25766.41";"OOS1";"PT";"-30.24";"106.56";"2h 20m";""
"59";"GBPUSD_DukasM1_the5ers";"Buy";"2022.01.06 14:00:00";"1.35370";"0.31";"2022.01.07 16:45:00";"1.35707";"102.19";"25868.60";"OOS1";"PT";"-65.72";"104.47";"1d 2h 45m";""
"60";"GBPUSD_DukasM1_the5ers";"Buy";"2022.01.11 19:00:00";"1.36209";"0.34";"2022.01.12 15:32:00";"1.36518";"102.56";"25971.16";"OOS1";"PT";"-32.64";"105.06";"20h 32m";""
"61";"GBPUSD_DukasM1_the5ers";"Buy";"2022.01.12 16:00:00";"1.36774";"0.39";"2022.01.12 19:55:00";"1.37044";"103.35";"26074.51";"OOS1";"PT";"-40.17";"105.30";"3h 55m";""
"62";"GBPUSD_DukasM1_the5ers";"Buy";"2022.01.20 17:00:00";"1.36501";"0.38";"2022.01.20 20:02:00";"1.36242";"-100.32";"25974.19";"OOS1";"SL";"-98.42";"43.70";"3h 2m";""
"63";"GBPUSD_DukasM1_the5ers";"Buy";"2022.01.26 15:00:00";"1.35157";"0.4";"2022.01.26 17:15:00";"1.34912";"-100.00";"25874.19";"OOS1";"SL";"-98.00";"17.20";"2h 15m";""
"64";"GBPUSD_DukasM1_the5ers";"Buy";"2022.01.28 16:00:00";"1.34269";"0.3";"2022.01.28 19:42:00";"1.33942";"-99.60";"25774.59";"OOS1";"SL";"-98.10";"17.40";"3h 42m";""
"65";"GBPUSD_DukasM1_the5ers";"Buy";"2022.02.08 12:00:00";"1.35514";"0.36";"2022.02.08 15:03:00";"1.35236";"-101.88";"25672.71";"OOS1";"SL";"-100.08";"43.92";"3h 3m";""
"66";"GBPUSD_DukasM1_the5ers";"Buy";"2022.02.28 13:00:00";"1.34106";"0.21";"2022.03.01 17:47:00";"1.33636";"-100.25";"25572.46";"OOS1";"SL";"-98.70";"55.44";"1d 4h 47m";""
"67";"GBPUSD_DukasM1_the5ers";"Buy";"2022.03.02 13:00:00";"1.33191";"0.25";"2022.03.02 18:32:00";"1.33616";"105.00";"25677.46";"OOS1";"PT";"-31.75";"106.25";"5h 32m";""
"68";"GBPUSD_DukasM1_the5ers";"Buy";"2022.03.21 16:00:00";"1.31735";"0.31";"2022.03.21 17:52:00";"1.32077";"104.47";"25781.93";"OOS1";"PT";"-10.23";"106.02";"1h 52m";""
"69";"GBPUSD_DukasM1_the5ers";"Buy";"2022.03.22 11:00:00";"1.31770";"0.28";"2022.03.22 12:57:00";"1.32152";"105.56";"25887.49";"OOS1";"PT";"-12.88";"106.96";"1h 57m";""
"70";"GBPUSD_DukasM1_the5ers";"Buy";"2022.04.06 12:00:00";"1.30973";"0.33";"2022.04.06 21:07:00";"1.30669";"-101.97";"25785.52";"OOS1";"SL";"-100.32";"34.65";"9h 7m";""
"71";"GBPUSD_DukasM1_the5ers";"Buy";"2022.04.12 16:00:00";"1.30489";"0.33";"2022.04.12 19:43:00";"1.30185";"-101.97";"25683.55";"OOS1";"SL";"-100.32";"15.18";"3h 43m";""
"72";"GBPUSD_DukasM1_the5ers";"Buy";"2022.04.20 14:00:00";"1.30573";"0.31";"2022.04.20 23:59:00";"1.30669";"28.21";"25711.76";"OOS1";"EndTest";"-77.19";"39.99";"9h 59m";""
"1";"GBPUSD_DukasM1_the5ers";"Buy";"2022.05.09 13:00:00";"1.23165";"0.17";"2022.05.09 15:04:00";"1.23736";"96.22";"25807.98";"OOS1";"PT";"-9.01";"97.07";"2h 4m";""
"2";"GBPUSD_DukasM1_the5ers";"Buy";"2022.05.12 16:00:00";"1.22275";"0.16";"2022.05.13 16:19:00";"1.21676";"-97.02";"25710.96";"OOS1";"SL";"-95.84";"25.28";"1d 0h 19m";""
"3";"GBPUSD_DukasM1_the5ers";"Buy";"2022.05.13 19:00:00";"1.22431";"0.18";"2022.05.16 04:09:00";"1.22963";"94.44";"25805.40";"OOS1";"PT";"-41.76";"95.76";"2d 9h 9m";""
"4";"GBPUSD_DukasM1_the5ers";"Buy";"2022.05.24 10:00:00";"1.25797";"0.27";"2022.05.24 11:30:00";"1.25435";"-99.09";"25706.31";"OOS1";"SL";"-97.74";"49.68";"1h 30m";""
"5";"GBPUSD_DukasM1_the5ers";"Buy";"2022.06.07 12:00:00";"1.24943";"0.22";"2022.06.07 16:50:00";"1.25390";"97.24";"25803.55";"OOS1";"PT";"-27.50";"98.34";"4h 50m";""
"6";"GBPUSD_DukasM1_the5ers";"Buy";"2022.06.16 16:00:00";"1.22213";"0.11";"2022.06.16 18:20:00";"1.23103";"97.35";"25900.90";"OOS1";"PT";"-0.44";"97.90";"2h 20m";""
"7";"GBPUSD_DukasM1_the5ers";"Buy";"2022.06.22 13:00:00";"1.22531";"0.2";"2022.06.22 16:43:00";"1.23014";"95.60";"25996.50";"OOS1";"PT";"-37.00";"96.60";"3h 43m";""
"8";"GBPUSD_DukasM1_the5ers";"Buy";"2022.07.22 17:00:00";"1.20362";"0.16";"2022.07.22 21:46:00";"1.19741";"-100.16";"25896.34";"OOS1";"SL";"-99.36";"44.32";"4h 46m";""
"9";"GBPUSD_DukasM1_the5ers";"Buy";"2022.07.27 22:00:00";"1.21664";"0.17";"2022.07.28 13:53:00";"1.21092";"-99.29";"25797.05";"OOS1";"SL";"-97.24";"42.33";"15h 53m";""
"10";"GBPUSD_DukasM1_the5ers";"Buy";"2022.08.26 13:00:00";"1.18333";"0.24";"2022.08.26 16:26:00";"1.18743";"97.20";"25894.25";"OOS1";"PT";"-45.60";"98.40";"3h 26m";""
"11";"GBPUSD_DukasM1_the5ers";"Buy";"2022.08.29 13:00:00";"1.16866";"0.21";"2022.08.29 15:36:00";"1.17331";"96.60";"25990.85";"OOS1";"PT";"-20.58";"97.65";"2h 36m";""
"12";"GBPUSD_DukasM1_the5ers";"Buy";"2022.09.05 12:00:00";"1.14900";"0.2";"2022.09.06 01:09:00";"1.15374";"93.33";"26084.17";"OOS1";"PT";"-20.00";"94.80";"13h 9m";""
"13";"GBPUSD_DukasM1_the5ers";"Buy";"2022.11.08 18:00:00";"1.15637";"0.14";"2022.11.09 11:34:00";"1.14947";"-97.63";"25986.54";"OOS1";"SL";"-96.60";"49.14";"17h 34m";""
"14";"GBPUSD_DukasM1_the5ers";"Buy";"2022.11.10 16:00:00";"1.16074";"0.12";"2022.11.10 21:51:00";"1.16884";"96.60";"26083.14";"OOS1";"PT";"-17.64";"97.20";"5h 51m";""
"15";"GBPUSD_DukasM1_the5ers";"Buy";"2022.12.09 18:00:00";"1.22947";"0.18";"2022.12.12 01:26:00";"1.22419";"-96.36";"25986.78";"OOS1";"SL";"-95.04";"49.32";"2d 7h 26m";""
"16";"GBPUSD_DukasM1_the5ers";"Buy";"2022.12.26 15:00:00";"1.20734";"0.25";"2022.12.27 09:10:00";"1.21118";"94.16";"26080.94";"OOS1";"PT";"-54.50";"96.00";"18h 10m";""
"17";"GBPUSD_DukasM1_the5ers";"Buy";"2022.12.29 12:00:00";"1.20552";"0.26";"2022.12.30 15:25:00";"1.20168";"-101.75";"25979.19";"OOS1";"SL";"-99.84";"60.06";"1d 3h 25m";""
"18";"GBPUSD_DukasM1_the5ers";"Buy";"2022.12.30 17:00:00";"1.20759";"0.2";"2022.12.30 17:46:00";"1.20270";"-98.80";"25880.39";"OOS1";"SL";"-97.80";"7.00";"46m 0s";""
"19";"GBPUSD_DukasM1_the5ers";"Buy";"2023.01.19 14:00:00";"1.23524";"0.21";"2023.01.20 21:38:00";"1.23991";"96.52";"25976.91";"OOS1";"PT";"-79.38";"98.07";"1d 7h 38m";""
"20";"GBPUSD_DukasM1_the5ers";"Buy";"2023.01.27 20:00:00";"1.23918";"0.21";"2023.01.30 21:12:00";"1.23446";"-100.67";"25876.24";"OOS1";"SL";"-99.12";"53.55";"3d 1h 12m";""
"21";"GBPUSD_DukasM1_the5ers";"Buy";"2023.02.01 22:00:00";"1.23686";"0.23";"2023.02.02 12:30:00";"1.23257";"-101.45";"25774.80";"OOS1";"SL";"-98.67";"74.52";"14h 30m";""
"22";"GBPUSD_DukasM1_the5ers";"Buy";"2023.02.03 12:00:00";"1.22459";"0.19";"2023.02.03 15:30:00";"1.21950";"-97.66";"25677.14";"OOS1";"SL";"-96.71";"36.48";"3h 30m";""
"23";"GBPUSD_DukasM1_the5ers";"Buy";"2023.02.21 12:00:00";"1.20914";"0.23";"2023.02.21 17:40:00";"1.21341";"97.06";"25774.20";"OOS1";"PT";"-68.31";"98.21";"5h 40m";""
"24";"GBPUSD_DukasM1_the5ers";"Buy";"2023.02.28 13:00:00";"1.21050";"0.25";"2023.02.28 20:40:00";"1.20650";"-101.25";"25672.95";"OOS1";"SL";"-100.00";"94.50";"7h 40m";""
"25";"GBPUSD_DukasM1_the5ers";"Buy";"2023.03.06 19:00:00";"1.20467";"0.25";"2023.03.07 11:44:00";"1.20068";"-101.59";"25571.36";"OOS1";"SL";"-99.75";"45.50";"16h 44m";""
"26";"GBPUSD_DukasM1_the5ers";"Buy";"2023.03.13 17:00:00";"1.21578";"0.14";"2023.03.15 12:35:00";"1.20885";"-98.38";"25472.97";"OOS1";"SL";"-97.02";"63.84";"1d 19h 35m";""
"27";"GBPUSD_DukasM1_the5ers";"Buy";"2023.03.17 20:00:00";"1.21852";"0.22";"2023.03.20 12:58:00";"1.22292";"95.18";"25568.16";"OOS1";"PT";"-40.92";"96.80";"2d 16h 58m";""
"28";"GBPUSD_DukasM1_the5ers";"Buy";"2023.03.28 19:00:00";"1.23400";"0.26";"2023.03.29 16:23:00";"1.23027";"-98.89";"25469.26";"OOS1";"SL";"-96.98";"55.64";"21h 23m";""
"29";"GBPUSD_DukasM1_the5ers";"Buy";"2023.04.19 10:00:00";"1.24548";"0.32";"2023.04.19 12:31:00";"1.24241";"-99.84";"25369.42";"OOS1";"SL";"-98.24";"56.00";"2h 31m";""
"30";"GBPUSD_DukasM1_the5ers";"Buy";"2023.04.20 16:00:00";"1.24543";"0.26";"2023.04.21 09:30:00";"1.24163";"-100.71";"25268.71";"OOS1";"SL";"-98.80";"34.32";"17h 30m";""
"31";"GBPUSD_DukasM1_the5ers";"Buy";"2023.04.27 22:00:00";"1.24938";"0.25";"2023.04.28 11:19:00";"1.24547";"-99.59";"25169.12";"OOS1";"SL";"-97.75";"24.75";"13h 19m";""
"32";"GBPUSD_DukasM1_the5ers";"Buy";"2023.04.28 17:00:00";"1.25103";"0.23";"2023.04.28 17:52:00";"1.25517";"94.07";"25263.19";"OOS1";"PT";"-17.02";"95.22";"52m 0s";""
"33";"GBPUSD_DukasM1_the5ers";"Buy";"2023.05.10 16:00:00";"1.26735";"0.3";"2023.05.10 16:26:00";"1.26406";"-100.20";"25162.99";"OOS1";"SL";"-98.70";"11.40";"26m 0s";""
"34";"GBPUSD_DukasM1_the5ers";"Buy";"2023.05.16 13:00:00";"1.25349";"0.31";"2023.05.16 15:32:00";"1.25027";"-101.37";"25061.62";"OOS1";"SL";"-99.82";"24.18";"2h 32m";""
"35";"GBPUSD_DukasM1_the5ers";"Buy";"2023.05.22 15:00:00";"1.24628";"0.3";"2023.05.22 17:00:00";"1.24294";"-101.70";"24959.92";"OOS1";"SL";"-100.20";"24.30";"2h 0m";""
"36";"GBPUSD_DukasM1_the5ers";"Buy";"2023.05.29 10:00:00";"1.23672";"0.34";"2023.05.29 10:55:00";"1.23378";"-101.66";"24858.26";"OOS1";"SL";"-99.96";"0.00";"55m 0s";""
"37";"GBPUSD_DukasM1_the5ers";"Buy";"2023.05.30 05:00:00";"1.23733";"0.42";"2023.05.30 06:25:00";"1.23499";"-100.38";"24757.88";"OOS1";"SL";"-98.28";"13.86";"1h 25m";""
"38";"GBPUSD_DukasM1_the5ers";"Buy";"2023.06.09 16:00:00";"1.25685";"0.35";"2023.06.12 12:38:00";"1.25966";"95.77";"24853.65";"OOS1";"PT";"-44.45";"98.35";"2d 20h 38m";""
"39";"GBPUSD_DukasM1_the5ers";"Buy";"2023.06.22 12:00:00";"1.27758";"0.29";"2023.06.22 14:00:00";"1.28094";"95.99";"24949.64";"OOS1";"PT";"-7.54";"97.44";"2h 0m";""
"40";"GBPUSD_DukasM1_the5ers";"Buy";"2023.07.04 10:00:00";"1.27064";"0.35";"2023.07.04 15:59:00";"1.27343";"95.90";"25045.54";"OOS1";"PT";"-60.90";"97.65";"5h 59m";""
"41";"GBPUSD_DukasM1_the5ers";"Buy";"2023.07.05 17:00:00";"1.27297";"0.35";"2023.07.05 19:06:00";"1.27011";"-101.85";"24943.69";"OOS1";"SL";"-100.10";"10.50";"2h 6m";""
"42";"GBPUSD_DukasM1_the5ers";"Buy";"2023.07.07 14:00:00";"1.27619";"0.3";"2023.07.07 15:30:00";"1.27941";"95.10";"25038.79";"OOS1";"PT";"-31.80";"96.60";"1h 30m";""
"43";"GBPUSD_DukasM1_the5ers";"Buy";"2023.07.12 17:00:00";"1.29914";"0.25";"2023.07.13 11:02:00";"1.30309";"95.73";"25134.52";"OOS1";"PT";"-38.00";"98.75";"18h 2m";""
"44";"GBPUSD_DukasM1_the5ers";"Buy";"2023.07.18 14:00:00";"1.31245";"0.31";"2023.07.18 15:32:00";"1.30923";"-101.37";"25033.15";"OOS1";"SL";"-99.82";"1.24";"1h 32m";""
"45";"GBPUSD_DukasM1_the5ers";"Buy";"2023.07.25 19:00:00";"1.28736";"0.26";"2023.07.26 11:41:00";"1.29109";"95.07";"25128.22";"OOS1";"PT";"-12.74";"96.98";"16h 41m";""
"46";"GBPUSD_DukasM1_the5ers";"Buy";"2023.08.07 16:00:00";"1.27721";"0.26";"2023.08.08 12:41:00";"1.27348";"-98.89";"25029.33";"OOS1";"SL";"-96.98";"43.42";"20h 41m";""
"47";"GBPUSD_DukasM1_the5ers";"Buy";"2023.10.04 12:00:00";"1.21137";"0.26";"2023.10.04 15:15:00";"1.21504";"94.12";"25123.45";"OOS1";"PT";"-3.90";"95.42";"3h 15m";""
"48";"GBPUSD_DukasM1_the5ers";"Buy";"2023.10.11 16:00:00";"1.23124";"0.29";"2023.10.11 20:36:00";"1.22779";"-101.50";"25021.95";"OOS1";"SL";"-100.05";"71.63";"4h 36m";""
"49";"GBPUSD_DukasM1_the5ers";"Buy";"2023.10.17 19:00:00";"1.22036";"0.25";"2023.10.18 03:51:00";"1.21635";"-102.09";"24919.86";"OOS1";"SL";"-100.25";"20.25";"8h 51m";""
"50";"GBPUSD_DukasM1_the5ers";"Buy";"2023.10.20 15:00:00";"1.21406";"0.28";"2023.10.23 11:11:00";"1.21756";"95.94";"25015.79";"OOS1";"PT";"-58.24";"98.00";"2d 20h 11m";""
"51";"GBPUSD_DukasM1_the5ers";"Buy";"2023.11.16 12:00:00";"1.24011";"0.29";"2023.11.16 15:45:00";"1.24341";"94.25";"25110.04";"OOS1";"PT";"-56.26";"95.70";"3h 45m";""
"52";"GBPUSD_DukasM1_the5ers";"Buy";"2023.11.17 13:00:00";"1.24311";"0.28";"2023.11.20 03:18:00";"1.24656";"94.54";"25204.58";"OOS1";"PT";"-74.20";"96.60";"2d 14h 18m";""
"53";"GBPUSD_DukasM1_the5ers";"Buy";"2023.11.24 11:00:00";"1.25595";"0.38";"2023.11.24 16:16:00";"1.25851";"95.38";"25299.96";"OOS1";"PT";"-57.00";"97.28";"5h 16m";""
"54";"GBPUSD_DukasM1_the5ers";"Buy";"2023.11.28 02:00:00";"1.26345";"0.37";"2023.11.28 10:16:00";"1.26078";"-100.64";"25199.32";"OOS1";"SL";"-98.79";"25.90";"8h 16m";""
"55";"GBPUSD_DukasM1_the5ers";"Buy";"2023.12.01 19:00:00";"1.26802";"0.23";"2023.12.04 01:27:00";"1.27225";"95.60";"25294.92";"OOS1";"PT";"-14.95";"97.29";"2d 6h 27m";""
"56";"GBPUSD_DukasM1_the5ers";"Buy";"2023.12.26 02:00:00";"1.27038";"0.29";"2023.12.27 13:55:00";"1.27378";"96.47";"25391.39";"OOS1";"PT";"-57.13";"98.60";"1d 11h 55m";""
"57";"GBPUSD_DukasM1_the5ers";"Buy";"2023.12.27 15:00:00";"1.27426";"0.37";"2023.12.27 16:55:00";"1.27690";"95.83";"25487.22";"OOS1";"PT";"-9.99";"97.68";"1h 55m";""
"58";"GBPUSD_DukasM1_the5ers";"Buy";"2024.01.05 17:00:00";"1.27021";"0.27";"2024.01.05 17:00:00";"1.27385";"96.93";"25584.15";"OOS1";"PT";"-7.56";"98.28";"0s";""
"59";"GBPUSD_DukasM1_the5ers";"Buy";"2024.01.08 17:00:00";"1.27290";"0.27";"2024.01.08 18:45:00";"1.27646";"94.77";"25678.92";"OOS1";"PT";"-22.14";"96.12";"1h 45m";""
"60";"GBPUSD_DukasM1_the5ers";"Buy";"2024.01.23 06:00:00";"1.27245";"0.39";"2024.01.23 16:04:00";"1.26988";"-102.18";"25576.74";"OOS1";"SL";"-100.23";"86.58";"10h 4m";""
"61";"GBPUSD_DukasM1_the5ers";"Buy";"2024.01.26 12:00:00";"1.27143";"0.33";"2024.01.26 13:10:00";"1.27438";"95.70";"25672.44";"OOS1";"PT";"-0.99";"97.35";"1h 10m";""
"62";"GBPUSD_DukasM1_the5ers";"Buy";"2024.01.29 10:00:00";"1.27107";"0.4";"2024.01.29 15:21:00";"1.26862";"-100.00";"25572.44";"OOS1";"SL";"-98.00";"14.00";"5h 21m";""
"63";"GBPUSD_DukasM1_the5ers";"Buy";"2024.01.31 16:00:00";"1.27053";"0.36";"2024.01.31 16:43:00";"1.27323";"95.40";"25667.84";"OOS1";"PT";"-18.72";"97.20";"43m 0s";""
"64";"GBPUSD_DukasM1_the5ers";"Buy";"2024.02.16 20:00:00";"1.26077";"0.33";"2024.02.20 15:48:00";"1.26372";"94.14";"25761.98";"OOS1";"PT";"-94.71";"97.35";"3d 19h 48m";""
"1";"GBPUSD_DukasM1_the5ers";"Buy";"2024.03.01 18:00:00";"1.26529";"0.47";"2024.03.04 14:02:00";"1.26801";"124.38";"25886.36";"OOS1";"PT";"-84.13";"127.84";"2d 20h 2m";""
"2";"GBPUSD_DukasM1_the5ers";"Buy";"2024.03.15 12:00:00";"1.27522";"0.66";"2024.03.15 17:04:00";"1.27371";"-102.96";"25783.40";"OOS1";"SL";"-99.66";"41.58";"5h 4m";""
"3";"GBPUSD_DukasM1_the5ers";"Buy";"2024.03.28 15:00:00";"1.26407";"0.55";"2024.03.28 17:50:00";"1.26225";"-102.85";"25680.55";"OOS1";"SL";"-100.10";"75.35";"2h 50m";""
"4";"GBPUSD_DukasM1_the5ers";"Buy";"2024.04.05 20:00:00";"1.26350";"0.48";"2024.04.08 03:14:00";"1.26144";"-102.41";"25578.14";"OOS1";"SL";"-98.88";"25.44";"2d 7h 14m";""
"5";"GBPUSD_DukasM1_the5ers";"Buy";"2024.04.16 13:00:00";"1.24521";"0.49";"2024.04.16 18:33:00";"1.24319";"-101.43";"25476.71";"OOS1";"SL";"-98.98";"96.53";"5h 33m";""
"6";"GBPUSD_DukasM1_the5ers";"Buy";"2024.04.17 10:00:00";"1.24737";"0.46";"2024.04.17 10:35:00";"1.24523";"-100.74";"25375.97";"OOS1";"SL";"-98.44";"0.00";"35m 0s";""
"7";"GBPUSD_DukasM1_the5ers";"Buy";"2024.04.24 23:00:00";"1.24636";"0.51";"2024.04.25 09:29:00";"1.24886";"121.34";"25497.31";"OOS1";"PT";"-48.96";"127.50";"10h 29m";""
"8";"GBPUSD_DukasM1_the5ers";"Buy";"2024.05.01 12:00:00";"1.24980";"0.59";"2024.05.01 14:02:00";"1.24810";"-103.25";"25394.06";"OOS1";"SL";"-100.30";"0.00";"2h 2m";""
"9";"GBPUSD_DukasM1_the5ers";"Buy";"2024.05.07 17:00:00";"1.25585";"0.66";"2024.05.07 18:27:00";"1.25433";"-103.62";"25290.44";"OOS1";"SL";"-100.32";"9.90";"1h 27m";""
"10";"GBPUSD_DukasM1_the5ers";"Buy";"2024.05.08 14:00:00";"1.24956";"0.71";"2024.05.08 15:06:00";"1.24816";"-102.95";"25187.49";"OOS1";"SL";"-99.40";"36.21";"1h 6m";""
"11";"GBPUSD_DukasM1_the5ers";"Buy";"2024.05.09 16:00:00";"1.25023";"0.56";"2024.05.09 22:02:00";"1.25251";"124.88";"25312.37";"OOS1";"PT";"-81.76";"127.68";"6h 2m";""
"12";"GBPUSD_DukasM1_the5ers";"Buy";"2024.05.13 15:00:00";"1.25460";"0.66";"2024.05.13 16:52:00";"1.25652";"123.42";"25435.79";"OOS1";"PT";"-5.28";"126.72";"1h 52m";""
"13";"GBPUSD_DukasM1_the5ers";"Buy";"2024.05.14 17:00:00";"1.25836";"0.52";"2024.05.15 11:31:00";"1.26082";"124.09";"25559.88";"OOS1";"PT";"-81.64";"127.92";"18h 31m";""
"14";"GBPUSD_DukasM1_the5ers";"Buy";"2024.05.17 17:00:00";"1.26759";"0.68";"2024.05.17 17:46:00";"1.26944";"122.40";"25682.28";"OOS1";"PT";"-16.32";"125.80";"46m 0s";""
"15";"GBPUSD_DukasM1_the5ers";"Buy";"2024.05.21 13:00:00";"1.27222";"0.84";"2024.05.21 15:28:00";"1.27103";"-104.16";"25578.12";"OOS1";"SL";"-99.96";"2.52";"2h 28m";""
"16";"GBPUSD_DukasM1_the5ers";"Buy";"2024.05.22 10:00:00";"1.27565";"0.68";"2024.05.22 10:06:00";"1.27418";"-103.36";"25474.76";"OOS1";"SL";"-99.96";"10.20";"6m 0s";""
"17";"GBPUSD_DukasM1_the5ers";"Buy";"2024.05.31 16:00:00";"1.27466";"0.58";"2024.05.31 18:00:00";"1.27294";"-102.66";"25372.10";"OOS1";"SL";"-99.76";"112.52";"2h 0m";""
"18";"GBPUSD_DukasM1_the5ers";"Buy";"2024.06.11 22:00:00";"1.27461";"0.58";"2024.06.12 15:30:00";"1.27681";"123.33";"25495.43";"OOS1";"PT";"-78.88";"127.60";"17h 30m";""
"19";"GBPUSD_DukasM1_the5ers";"Buy";"2024.06.18 17:00:00";"1.27141";"0.6";"2024.06.18 17:50:00";"1.26975";"-102.60";"25392.83";"OOS1";"SL";"-99.60";"39.60";"50m 0s";""
"20";"GBPUSD_DukasM1_the5ers";"Buy";"2024.07.16 23:00:00";"1.29747";"0.64";"2024.07.17 10:14:00";"1.29946";"122.65";"25515.48";"OOS1";"PT";"-56.96";"127.36";"11h 14m";""
"21";"GBPUSD_DukasM1_the5ers";"Buy";"2024.07.24 13:00:00";"1.29091";"0.7";"2024.07.24 15:58:00";"1.29272";"123.20";"25638.68";"OOS1";"PT";"-65.10";"126.70";"2h 58m";""
"22";"GBPUSD_DukasM1_the5ers";"Buy";"2024.08.13 17:00:00";"1.28179";"0.54";"2024.08.13 19:49:00";"1.28415";"124.74";"25763.42";"OOS1";"PT";"-45.90";"127.44";"2h 49m";""
"23";"GBPUSD_DukasM1_the5ers";"Buy";"2024.08.21 14:00:00";"1.30409";"0.63";"2024.08.21 17:05:00";"1.30612";"124.74";"25888.16";"OOS1";"PT";"-88.20";"127.89";"3h 5m";""
"24";"GBPUSD_DukasM1_the5ers";"Buy";"2024.08.23 08:00:00";"1.31092";"0.57";"2024.08.23 12:21:00";"1.31316";"124.83";"26012.99";"OOS1";"PT";"-14.25";"127.68";"4h 21m";""
"25";"GBPUSD_DukasM1_the5ers";"Buy";"2024.08.27 12:00:00";"1.32176";"0.52";"2024.08.27 12:19:00";"1.32420";"124.28";"26137.27";"OOS1";"PT";"-3.64";"126.88";"19m 0s";""
"26";"GBPUSD_DukasM1_the5ers";"Buy";"2024.09.06 16:00:00";"1.32098";"0.47";"2024.09.06 16:08:00";"1.31887";"-101.52";"26035.75";"OOS1";"SL";"-99.17";"31.49";"8m 0s";""
"27";"GBPUSD_DukasM1_the5ers";"Buy";"2024.09.16 07:00:00";"1.31600";"0.57";"2024.09.16 11:24:00";"1.31822";"123.69";"26159.44";"OOS1";"PT";"-43.89";"126.54";"4h 24m";""
"28";"GBPUSD_DukasM1_the5ers";"Buy";"2024.09.23 16:00:00";"1.33279";"0.39";"2024.09.24 08:00:00";"1.33606";"124.66";"26284.10";"OOS1";"PT";"-61.23";"127.53";"16h 0m";""
"29";"GBPUSD_DukasM1_the5ers";"Buy";"2024.09.27 16:00:00";"1.34245";"0.42";"2024.09.27 16:46:00";"1.34006";"-102.48";"26181.62";"OOS1";"SL";"-100.38";"11.34";"46m 0s";""
"30";"GBPUSD_DukasM1_the5ers";"Buy";"2024.09.30 11:00:00";"1.33992";"0.51";"2024.09.30 16:05:00";"1.33797";"-102.00";"26079.62";"OOS1";"SL";"-99.45";"119.85";"5h 5m";""
"31";"GBPUSD_DukasM1_the5ers";"Buy";"2024.11.26 12:00:00";"1.25717";"0.38";"2024.11.26 14:18:00";"1.26049";"124.26";"26203.88";"OOS1";"PT";"-3.42";"126.16";"2h 18m";""
"32";"GBPUSD_DukasM1_the5ers";"Buy";"2024.12.04 09:00:00";"1.26971";"0.42";"2024.12.04 10:32:00";"1.26736";"-100.80";"26103.08";"OOS1";"SL";"-98.70";"3.78";"1h 32m";""
"33";"GBPUSD_DukasM1_the5ers";"Buy";"2025.01.20 16:00:00";"1.22983";"0.32";"2025.01.20 19:25:00";"1.22671";"-101.44";"26001.64";"OOS1";"SL";"-99.84";"88.64";"3h 25m";""
"34";"GBPUSD_DukasM1_the5ers";"Buy";"2025.01.21 18:00:00";"1.22994";"0.26";"2025.01.21 23:47:00";"1.23474";"122.89";"26124.53";"OOS1";"PT";"-7.80";"124.80";"5h 47m";""
"35";"GBPUSD_DukasM1_the5ers";"Buy";"2025.01.23 16:00:00";"1.23235";"0.43";"2025.01.23 18:12:00";"1.23005";"-101.05";"26023.48";"OOS1";"SL";"-98.90";"53.32";"2h 12m";""
"36";"GBPUSD_DukasM1_the5ers";"Buy";"2025.01.31 19:00:00";"1.24458";"0.37";"2025.01.31 20:25:00";"1.24188";"-101.75";"25921.73";"OOS1";"SL";"-99.90";"95.09";"1h 25m";""
"37";"GBPUSD_DukasM1_the5ers";"Buy";"2025.02.13 06:00:00";"1.24770";"0.37";"2025.02.13 09:00:00";"1.25109";"123.58";"26045.31";"OOS1";"PT";"-4.07";"125.43";"3h 0m";""
"38";"GBPUSD_DukasM1_the5ers";"Buy";"2025.02.25 14:00:00";"1.26532";"0.48";"2025.02.26 17:30:00";"1.26795";"122.71";"26168.01";"OOS1";"PT";"-87.36";"126.24";"1d 3h 30m";""
"39";"GBPUSD_DukasM1_the5ers";"Buy";"2025.03.04 14:00:00";"1.27407";"0.38";"2025.03.04 16:15:00";"1.27148";"-100.32";"26067.69";"OOS1";"SL";"-98.42";"48.64";"2h 15m";""
"40";"GBPUSD_DukasM1_the5ers";"Buy";"2025.03.18 20:00:00";"1.30055";"0.5";"2025.03.19 07:21:00";"1.29854";"-104.18";"25963.51";"OOS1";"SL";"-100.50";"20.50";"11h 21m";""
"41";"GBPUSD_DukasM1_the5ers";"Buy";"2025.03.19 21:00:00";"1.30071";"0.49";"2025.03.19 21:19:00";"1.29866";"-102.90";"25860.61";"OOS1";"SL";"-100.45";"18.13";"19m 0s";""
"42";"GBPUSD_DukasM1_the5ers";"Buy";"2025.04.25 14:00:00";"1.33175";"0.38";"2025.04.28 02:56:00";"1.32914";"-101.98";"25758.64";"OOS1";"SL";"-99.18";"55.48";"2d 12h 56m";""
"43";"GBPUSD_DukasM1_the5ers";"Buy";"2025.04.28 12:00:00";"1.33293";"0.4";"2025.04.28 16:40:00";"1.33613";"126.00";"25884.64";"OOS1";"PT";"-1.20";"128.00";"4h 40m";""
"44";"GBPUSD_DukasM1_the5ers";"Buy";"2025.05.01 12:00:00";"1.33247";"0.4";"2025.05.01 17:31:00";"1.33000";"-100.80";"25783.84";"OOS1";"SL";"-98.80";"82.00";"5h 31m";""
"45";"GBPUSD_DukasM1_the5ers";"Buy";"2025.05.09 12:00:00";"1.32696";"0.34";"2025.05.09 17:23:00";"1.33066";"124.10";"25907.94";"OOS1";"PT";"-26.18";"125.80";"5h 23m";""
"46";"GBPUSD_DukasM1_the5ers";"Buy";"2025.05.23 05:00:00";"1.34409";"0.44";"2025.05.23 10:21:00";"1.34698";"124.96";"26032.90";"OOS1";"PT";"-14.96";"127.16";"5h 21m";""
"47";"GBPUSD_DukasM1_the5ers";"Buy";"2025.05.28 12:00:00";"1.35093";"0.47";"2025.05.28 14:16:00";"1.34882";"-101.52";"25931.38";"OOS1";"SL";"-99.17";"46.06";"2h 16m";""
"48";"GBPUSD_DukasM1_the5ers";"Buy";"2025.06.02 04:00:00";"1.34883";"0.4";"2025.06.02 09:30:00";"1.35198";"124.00";"26055.38";"OOS1";"PT";"-63.20";"126.00";"5h 30m";""
"49";"GBPUSD_DukasM1_the5ers";"Buy";"2025.06.19 12:00:00";"1.34272";"0.36";"2025.06.19 22:11:00";"1.34622";"124.20";"26179.58";"OOS1";"PT";"-84.60";"126.00";"10h 11m";""
"50";"GBPUSD_DukasM1_the5ers";"Buy";"2025.06.23 18:00:00";"1.34883";"0.29";"2025.06.24 01:06:00";"1.35317";"123.73";"26303.30";"OOS1";"PT";"-53.36";"125.86";"7h 6m";""
"51";"GBPUSD_DukasM1_the5ers";"Buy";"2025.06.25 20:00:00";"1.36407";"0.44";"2025.06.25 22:24:00";"1.36694";"124.08";"26427.38";"OOS1";"PT";"-18.48";"126.28";"2h 24m";""
"52";"GBPUSD_DukasM1_the5ers";"Buy";"2025.07.08 04:00:00";"1.36288";"0.43";"2025.07.08 12:44:00";"1.36058";"-101.05";"26326.33";"OOS1";"SL";"-98.90";"74.82";"8h 44m";""
"53";"GBPUSD_DukasM1_the5ers";"Buy";"2025.07.21 10:00:00";"1.34432";"0.52";"2025.07.21 14:09:00";"1.34674";"123.24";"26449.57";"OOS1";"PT";"-40.04";"125.84";"4h 9m";""
"54";"GBPUSD_DukasM1_the5ers";"Buy";"2025.07.29 13:00:00";"1.33536";"0.47";"2025.07.29 14:39:00";"1.33324";"-101.99";"26347.58";"OOS1";"SL";"-99.64";"37.13";"1h 39m";""
"55";"GBPUSD_DukasM1_the5ers";"Buy";"2025.08.01 16:00:00";"1.32844";"0.28";"2025.08.01 18:27:00";"1.32487";"-101.36";"26246.22";"OOS1";"SL";"-99.96";"72.52";"2h 27m";""
"56";"GBPUSD_DukasM1_the5ers";"Buy";"2025.08.05 19:00:00";"1.33074";"0.37";"2025.08.06 18:10:00";"1.33413";"122.71";"26368.93";"OOS1";"PT";"-96.20";"125.43";"23h 10m";""
"57";"GBPUSD_DukasM1_the5ers";"Buy";"2025.08.22 12:00:00";"1.34137";"0.59";"2025.08.22 17:00:00";"1.34353";"124.49";"26493.42";"OOS1";"PT";"-37.76";"127.44";"5h 0m";""
"58";"GBPUSD_DukasM1_the5ers";"Buy";"2025.08.26 13:00:00";"1.34802";"0.46";"2025.08.27 06:30:00";"1.34585";"-103.21";"26390.21";"OOS1";"SL";"-99.82";"58.88";"17h 30m";""
"59";"GBPUSD_DukasM1_the5ers";"Buy";"2025.08.29 18:00:00";"1.35097";"0.49";"2025.09.01 09:35:00";"1.35355";"122.81";"26513.03";"OOS1";"PT";"-75.95";"126.42";"2d 15h 35m";""
"60";"GBPUSD_DukasM1_the5ers";"Buy";"2025.09.08 14:00:00";"1.35302";"0.45";"2025.09.09 03:25:00";"1.35584";"123.59";"26636.62";"OOS1";"PT";"-36.90";"126.90";"13h 25m";""
"61";"GBPUSD_DukasM1_the5ers";"Buy";"2025.09.11 16:00:00";"1.35452";"0.46";"2025.09.11 18:18:00";"1.35725";"123.28";"26759.89";"OOS1";"PT";"-27.60";"125.58";"2h 18m";""
"62";"GBPUSD_DukasM1_the5ers";"Buy";"2025.09.30 18:00:00";"1.34620";"0.46";"2025.09.30 18:37:00";"1.34405";"-101.20";"26658.70";"OOS1";"SL";"-98.90";"3.22";"37m 0s";""
"63";"GBPUSD_DukasM1_the5ers";"Buy";"2025.10.29 18:00:00";"1.32414";"0.44";"2025.10.29 19:31:00";"1.32186";"-102.52";"26556.18";"OOS1";"SL";"-100.32";"12.76";"1h 31m";""
"64";"GBPUSD_DukasM1_the5ers";"Buy";"2025.11.25 12:00:00";"1.31349";"0.53";"2025.11.25 13:29:00";"1.31160";"-102.82";"26453.36";"OOS1";"SL";"-100.17";"28.62";"1h 29m";""
"65";"GBPUSD_DukasM1_the5ers";"Buy";"2025.12.01 15:00:00";"1.32674";"0.44";"2025.12.01 16:37:00";"1.32447";"-102.08";"26351.28";"OOS1";"SL";"-99.88";"36.52";"1h 37m";""
"66";"GBPUSD_DukasM1_the5ers";"Buy";"2025.12.26 16:00:00";"1.35170";"0.55";"2025.12.26 18:05:00";"1.34988";"-102.85";"26248.43";"OOS1";"SL";"-100.10";"47.30";"2h 5m";""
"67";"GBPUSD_DukasM1_the5ers";"Buy";"2025.12.29 22:00:00";"1.35069";"0.45";"2025.12.30 16:00:00";"1.34850";"-101.86";"26146.56";"OOS1";"SL";"-98.55";"106.65";"18h 0m";""
"68";"GBPUSD_DukasM1_the5ers";"Buy";"2025.12.31 15:00:00";"1.34671";"0.55";"2025.12.31 15:48:00";"1.34490";"-102.30";"26044.26";"OOS1";"SL";"-99.55";"50.60";"48m 0s";""
